[2 30 30 3 20 2 2]
[]
[]
[[50.04143297985519 28.519909150715183 1 1 18 28] (outside 93) [47 27 1 1 15 26] (train 18) [7 7 0 0 6 6] [6 14 0 0 5 13] [[(patch 50 29) (patch 50 28) (patch 47 28) (patch 47 23) (patch 41 18)] [(patch 41 18) (patch 10 18)] [(patch 10 18) (patch 10 20) (patch 16 20) (patch 17 21) (patch 17 23) (patch 8 23) (patch 8 16) (patch 6 14)]]]
[]
[[5.751005625415137 7.295008820049888 0 0 5 6] (train 18) [7 7 0 0 6 6] (outside 80) [22 4 0 0 21 3] [24 5 0 0 23 4] [[(patch 6 7) (patch 13 7) (patch 13 5) (patch 24 5)]]]
[]
[[43.227483885973015 4.071439877215532 1 1 11 3] (train 49) [54 4 1 1 22 3] (outside 93) [47 27 1 1 15 26] [46 26 1 1 14 25] [[(patch 43 4) (patch 45 11) (patch 46 26)]]]
[]
[[5.112691678302228 17.361585405284984 0 0 4 16] (train 18) [7 7 0 0 6 6] (outside 80) [22 4 0 0 21 3] [21 4 0 0 20 3] [[(patch 5 17) (patch 8 14) (patch 8 13) (patch 18 7) (patch 21 4)]]]
[]
[[6.804501819770151 7.013373544481934 0 0 6 6] (train 18) [7 7 0 0 6 6] (train 49) [54 4 1 1 22 3] [54 4 1 1 22 3] [[(patch 7 7) (patch 8 11) (patch 8 23) (patch 17 23) (patch 17 21) (patch 16 19) (patch 10 19) (patch 10 18)] [(patch 10 18) (patch 41 18)] [(patch 41 18) (patch 45 13) (patch 46 11) (patch 54 4)]]]
[]
[[47.140699280133525 28.014692768227235 1 1 15 27] (outside 93) [47 27 1 1 15 26] (train 18) [7 7 0 0 6 6] [6 15 0 0 5 14] [[(patch 47 28) (patch 47 26) (patch 41 18)] [(patch 41 18) (patch 10 18)] [(patch 10 18) (patch 10 20) (patch 16 20) (patch 17 21) (patch 17 23) (patch 8 23) (patch 8 16) (patch 6 15)]]]
[]
[[5.778838501315007 15.597595056887041 0 0 5 15] (train 18) [7 7 0 0 6 6] (train 49) [54 4 1 1 22 3] [43 3 1 1 11 2] [[(patch 6 16) (patch 8 18) (patch 8 23) (patch 17 23) (patch 17 21) (patch 16 19) (patch 10 19) (patch 10 18)] [(patch 10 18) (patch 41 18)] [(patch 41 18) (patch 45 13) (patch 46 11) (patch 43 3)]]]
[]
[[50.47307613930927 2.7403648548620954 1 1 18 2] (train 49) [54 4 1 1 22 3] (train 18) [7 7 0 0 6 6] [5 17 0 0 4 16] [[(patch 50 3) (patch 50 8) (patch 46 11) (patch 45 14) (patch 41 18)] [(patch 41 18) (patch 10 18)] [(patch 10 18) (patch 10 20) (patch 16 20) (patch 17 21) (patch 17 23) (patch 8 23) (patch 8 18) (patch 5 17)]]]
[]
[[50.71243148321674 3.351668042215656 1 1 19 2] (train 49) [54 4 1 1 22 3] (outside 80) [22 4 0 0 21 3] [24 7 0 0 23 6] [[(patch 51 3) (patch 46 11) (patch 45 14) (patch 41 18)] [(patch 41 18) (patch 10 18)] [(patch 10 18) (patch 16 18) (patch 16 19) (patch 18 21) (patch 20 21) (patch 20 17) (patch 24 7)]]]
[]
[[19.86386276936794 4.050307066731811 0 0 19 3] (outside 80) [22 4 0 0 21 3] (train 18) [7 7 0 0 6 6] [7 8 0 0 6 7] [[(patch 20 4) (patch 18 5) (patch 9 5) (patch 8 8) (patch 7 8)]]]
[]
[[7.458482604220151 16.66019878611768 0 0 6 16] (train 18) [7 7 0 0 6 6] (outside 80) [22 4 0 0 21 3] [24 4 0 0 23 3] [[(patch 7 17) (patch 8 14) (patch 8 13) (patch 24 4)]]]
[]
[[7.343855993043308 10.76225608635819 0 0 6 10] (train 18) [7 7 0 0 6 6] (outside 93) [47 27 1 1 15 26] [47 27 1 1 15 26] [[(patch 7 11) (patch 8 11) (patch 8 23) (patch 17 23) (patch 17 21) (patch 16 19) (patch 10 19) (patch 10 18)] [(patch 10 18) (patch 41 18)] [(patch 41 18) (patch 47 27)]]]
[]
[[51.1268852448717 2.8049405134680363 1 1 19 2] (train 49) [54 4 1 1 22 3] (outside 80) [22 4 0 0 21 3] [24 5 0 0 23 4] [[(patch 51 3) (patch 46 11) (patch 45 14) (patch 41 18)] [(patch 41 18) (patch 10 18)] [(patch 10 18) (patch 16 18) (patch 16 19) (patch 18 21) (patch 20 21) (patch 24 5)]]]
[]
[[45.29856616625486 27.007090694087104 1 1 13 26] (outside 93) [47 27 1 1 15 26] (outside 80) [22 4 0 0 21 3] [24 7 0 0 23 6] [[(patch 45 27) (patch 41 18)] [(patch 41 18) (patch 10 18)] [(patch 10 18) (patch 16 18) (patch 16 19) (patch 18 21) (patch 20 21) (patch 20 17) (patch 24 7)]]]
[]
[[44.36409690134479 26.02937530070609 1 1 12 25] (outside 93) [47 27 1 1 15 26] (outside 80) [22 4 0 0 21 3] [24 8 0 0 23 7] [[(patch 44 26) (patch 43 20) (patch 41 18)] [(patch 41 18) (patch 10 18)] [(patch 10 18) (patch 16 18) (patch 16 19) (patch 18 21) (patch 20 21) (patch 21 12) (patch 24 8)]]]
[]
[[42.999943332459196 4.4157410440417095 1 1 11 3] (train 49) [54 4 1 1 22 3] (outside 80) [22 4 0 0 21 3] [24 5 0 0 23 4] [[(patch 43 4) (patch 46 11) (patch 45 14) (patch 41 18)] [(patch 41 18) (patch 10 18)] [(patch 10 18) (patch 16 18) (patch 16 19) (patch 18 21) (patch 20 21) (patch 24 5)]]]
[]
[[50.015844570189294 28.567800709020595 1 1 18 28] (outside 93) [47 27 1 1 15 26] (train 18) [7 7 0 0 6 6] [7 17 0 0 6 16] [[(patch 50 29) (patch 50 28) (patch 47 28) (patch 47 24) (patch 41 18)] [(patch 41 18) (patch 10 18)] [(patch 10 18) (patch 10 20) (patch 16 20) (patch 17 21) (patch 17 23) (patch 8 23) (patch 8 17) (patch 7 17)]]]
[]
[[42.96631731392803 2.346154359185094 1 1 11 1] (train 49) [54 4 1 1 22 3] (outside 93) [47 27 1 1 15 26] [44 26 1 1 12 25] [[(patch 43 2) (patch 45 11) (patch 45 26) (patch 44 26)]]]
[]
[[21.370520903840664 4.363516869247732 0 0 20 3] (outside 80) [22 4 0 0 21 3] (train 49) [54 4 1 1 22 3] [47 3 1 1 15 2] [[(patch 21 4) (patch 20 21) (patch 16 21) (patch 16 19) (patch 10 19) (patch 10 18)] [(patch 10 18) (patch 41 18)] [(patch 41 18) (patch 45 13) (patch 46 11) (patch 47 3)]]]
[]
[[52.53233285299192 3.656534189550419 1 1 21 3] (train 49) [54 4 1 1 22 3] (outside 93) [47 27 1 1 15 26] [47 27 1 1 15 26] [[(patch 53 4) (patch 47 25) (patch 47 27)]]]
[]
[STAIR 0 [10 18 0 0 9 17] [41 18 1 1 9 17]]
[(train 49) POI [54 4 1 1 22 3]]
[(train 18) POI [7 7 0 0 6 6]]
