[3 153 172 6 150 5 27]
[]
[]
[[449.53541858759655 113.26427140954617 2 3 103 112] (train 694) [453 115 2 3 106 114] (train 831) [453 125 2 4 106 124] [442 125 2 4 95 124] [[(patch 450 113) (patch 475 111) (patch 482 111) (patch 482 109) (patch 464 106)] [(patch 464 106) (patch 291 106)] [(patch 291 106) (patch 275 109) (patch 263 140) (patch 263 142) (patch 287 144) (patch 289 144) (patch 289 145)] [(patch 289 145) (patch 462 145)] [(patch 462 145) (patch 462 142) (patch 482 142) (patch 482 140) (patch 442 125)]]]
[]
[[458.3210632880054 94.06895908920416 2 3 111 93] (train 549) [449 96 2 3 102 95] (train 694) [453 115 2 3 106 114] [465 116 2 3 118 115] [[(patch 458 94) (patch 467 93) (patch 471 93) (patch 471 101) (patch 462 101) (patch 462 113) (patch 465 116)]]]
[]
[[460.5934661726765 126.49979343078 2 4 114 125] (train 831) [453 125 2 4 106 124] (train 436) [92 41 0 1 91 40] [91 42 0 1 90 41] [[(patch 461 126) (patch 482 140) (patch 482 146) (patch 462 146) (patch 462 145)] [(patch 462 145) (patch 289 145)] [(patch 289 145) (patch 289 146) (patch 263 146) (patch 251 74) (patch 251 72) (patch 250 72)] [(patch 250 72) (patch 77 72)] [(patch 77 72) (patch 82 51) (patch 91 42)]]]
[]
[[437.82298862774223 97.00791675076579 2 3 91 96] (train 549) [449 96 2 3 102 95] (train 831) [453 125 2 4 106 124] [456 124 2 4 109 123] [[(patch 438 97) (patch 427 81) (patch 424 74) (patch 424 72) (patch 423 72)] [(patch 423 72) (patch 250 72)] [(patch 250 72) (patch 251 73) (patch 263 142) (patch 287 144) (patch 289 144) (patch 289 145)] [(patch 289 145) (patch 462 145)] [(patch 462 145) (patch 462 142) (patch 482 142) (patch 482 140) (patch 456 124)]]]
[]
[[438.09891076345804 93.60418421162638 2 3 91 93] (train 549) [449 96 2 3 102 95] (outside 992) [518 138 2 4 171 137] [518 141 2 4 171 140] [[(patch 438 94) (patch 427 81) (patch 424 74) (patch 424 72) (patch 423 72)] [(patch 423 72) (patch 250 72)] [(patch 250 72) (patch 251 73) (patch 252 80) (patch 277 134) (patch 315 142) (patch 323 148) (patch 323 151)] [(patch 323 151) (patch 496 151)] [(patch 496 151) (patch 496 148) (patch 518 141)]]]
[]
[[88.07405309427274 30.09160154129359 0 0 87 29] (train 322) [92 31 0 0 91 30] (train 831) [453 125 2 4 106 124] [448 124 2 4 101 123] [[(patch 88 30) (patch 86 20) (patch 83 6) (patch 83 3)] [(patch 83 3) (patch 256 3)] [(patch 256 3) (patch 257 113) (patch 263 142) (patch 287 144) (patch 289 144) (patch 289 145)] [(patch 289 145) (patch 462 145)] [(patch 462 145) (patch 462 142) (patch 482 142) (patch 482 140) (patch 448 124)]]]
[]
[[453.8066770232045 112.89336564840333 2 3 107 112] (train 694) [453 115 2 3 106 114] (train 436) [92 41 0 1 91 40] [105 41 0 1 104 40] [[(patch 454 113) (patch 462 100) (patch 471 100) (patch 471 93) (patch 427 81) (patch 424 74) (patch 424 73) (patch 423 72)] [(patch 423 72) (patch 77 72)] [(patch 77 72) (patch 82 51) (patch 105 41)]]]
[]
[[79.73723674010658 43.33559643319832 0 1 79 42] (train 436) [92 41 0 1 91 40] (train 831) [453 125 2 4 106 124] [444 125 2 4 97 124] [[(patch 80 43) (patch 82 53) (patch 77 72)] [(patch 77 72) (patch 250 72)] [(patch 250 72) (patch 251 73) (patch 251 142) (patch 231 145)] [(patch 231 145) (patch 404 145)] [(patch 404 145) (patch 392 142) (patch 392 139) (patch 444 125)]]]
[]
[[80.75021240514137 32.08396622214549 0 0 80 31] (train 322) [92 31 0 0 91 30] (train 694) [453 115 2 3 106 114] [451 116 2 3 104 115] [[(patch 81 32) (patch 86 20) (patch 83 6) (patch 83 3)] [(patch 83 3) (patch 256 3)] [(patch 256 3) (patch 256 39) (patch 273 67) (patch 276 71) (patch 292 74)] [(patch 292 74) (patch 465 74)] [(patch 465 74) (patch 476 82) (patch 476 92) (patch 471 100) (patch 462 101) (patch 451 116)]]]
[]
[[444.0577778332885 115.70751924838302 2 3 97 115] (train 694) [453 115 2 3 106 114] (outside 992) [518 138 2 4 171 137] [518 138 2 4 171 137] [[(patch 444 116) (patch 475 111) (patch 482 111) (patch 482 109) (patch 464 106)] [(patch 464 106) (patch 291 106)] [(patch 291 106) (patch 275 109) (patch 275 120) (patch 276 129) (patch 277 134) (patch 291 135) (patch 314 142) (patch 323 148) (patch 323 151)] [(patch 323 151) (patch 496 151)] [(patch 496 151) (patch 496 148) (patch 518 138)]]]
[]
[[79.96329992613171 33.72351617631201 0 0 79 33] (train 322) [92 31 0 0 91 30] (train 694) [453 115 2 3 106 114] [444 115 2 3 97 114] [[(patch 80 34) (patch 86 20) (patch 83 6) (patch 83 3)] [(patch 83 3) (patch 256 3)] [(patch 256 3) (patch 256 39) (patch 273 67) (patch 276 71) (patch 292 74)] [(patch 292 74) (patch 465 74)] [(patch 465 74) (patch 476 82) (patch 476 92) (patch 471 100) (patch 462 101) (patch 444 115)]]]
[]
[[447.96692007197964 93.59273976414275 2 3 101 93] (train 549) [449 96 2 3 102 95] (outside 992) [518 138 2 4 171 137] [518 140 2 4 171 139] [[(patch 448 94) (patch 466 93) (patch 471 93) (patch 482 101) (patch 482 103) (patch 464 106)] [(patch 464 106) (patch 291 106)] [(patch 291 106) (patch 275 109) (patch 275 120) (patch 276 129) (patch 277 134) (patch 291 135) (patch 314 142) (patch 323 148) (patch 323 151)] [(patch 323 151) (patch 496 151)] [(patch 496 151) (patch 496 148) (patch 518 140)]]]
[]
[[463.72832198584973 112.75574183485892 2 3 117 112] (train 694) [453 115 2 3 106 114] (train 549) [449 96 2 3 102 95] [445 95 2 3 98 94] [[(patch 464 113) (patch 462 111) (patch 462 100) (patch 471 100) (patch 471 93) (patch 447 93) (patch 445 95)]]]
[]
[[454.9391929632427 115.04360465635403 2 3 108 114] (train 694) [453 115 2 3 106 114] (train 549) [449 96 2 3 102 95] [458 95 2 3 111 94] [[(patch 455 115) (patch 462 100) (patch 471 100) (patch 471 93) (patch 459 93) (patch 458 95)]]]
[]
[[430.9745052973758 96.42520284166109 2 3 84 95] (train 549) [449 96 2 3 102 95] (train 694) [453 115 2 3 106 114] [441 113 2 3 94 112] [[(patch 431 96) (patch 467 93) (patch 471 93) (patch 471 100) (patch 452 102) (patch 441 113)]]]
[]
[[494.19391717472683 72.0995131505523 2 3 147 71] (outside 968) [500 73 2 3 153 72] (outside 992) [518 138 2 4 171 137] [518 139 2 4 171 138] [[(patch 494 72) (patch 482 103) (patch 464 106)] [(patch 464 106) (patch 291 106)] [(patch 291 106) (patch 275 109) (patch 275 120) (patch 276 129) (patch 277 134) (patch 291 135) (patch 314 142) (patch 323 148) (patch 323 151)] [(patch 323 151) (patch 496 151)] [(patch 496 151) (patch 496 148) (patch 518 139)]]]
[]
[[439.40528708822285 125.2156824817827 2 4 92 124] (train 831) [453 125 2 4 106 124] (train 549) [449 96 2 3 102 95] [458 97 2 3 111 96] [[(patch 439 125) (patch 429 131) (patch 392 139) (patch 392 142) (patch 404 145)] [(patch 404 145) (patch 231 145)] [(patch 231 145) (patch 251 142) (patch 251 73) (patch 250 72)] [(patch 250 72) (patch 423 72)] [(patch 423 72) (patch 424 73) (patch 424 74) (patch 427 81) (patch 458 97)]]]
[]
[[465.61794908413975 115.60916051004092 2 3 119 115] (train 694) [453 115 2 3 106 114] (train 322) [92 31 0 0 91 30] [100 32 0 0 99 31] [[(patch 466 116) (patch 458 106) (patch 462 100) (patch 471 100) (patch 476 84) (patch 476 82) (patch 465 74)] [(patch 465 74) (patch 292 74)] [(patch 292 74) (patch 292 71) (patch 288 71) (patch 282 70) (patch 277 69) (patch 273 67) (patch 267 54) (patch 256 8) (patch 256 3)] [(patch 256 3) (patch 83 3)] [(patch 83 3) (patch 83 23) (patch 100 32)]]]
[]
[[437.24387273169344 94.05935581694078 2 3 90 93] (train 549) [449 96 2 3 102 95] (train 322) [92 31 0 0 91 30] [84 33 0 0 83 32] [[(patch 437 94) (patch 427 81) (patch 424 74) (patch 424 72) (patch 423 72)] [(patch 423 72) (patch 250 72)] [(patch 250 72) (patch 251 73) (patch 251 74) (patch 254 74) (patch 256 3)] [(patch 256 3) (patch 83 3)] [(patch 83 3) (patch 83 23) (patch 84 33)]]]
[]
[[457.27201212014677 96.89632472930481 2 3 110 96] (train 549) [449 96 2 3 102 95] (train 694) [453 115 2 3 106 114] [461 115 2 3 114 114] [[(patch 457 97) (patch 466 93) (patch 471 93) (patch 471 101) (patch 462 101) (patch 461 115)]]]
[]
[[79.92972212867042 32.84797830492233 0 0 79 32] (train 322) [92 31 0 0 91 30] (outside 992) [518 138 2 4 171 137] [518 144 2 4 171 143] [[(patch 80 33) (patch 86 20) (patch 83 6) (patch 83 3)] [(patch 83 3) (patch 256 3)] [(patch 256 3) (patch 256 85) (patch 277 134) (patch 315 142) (patch 323 148) (patch 323 151)] [(patch 323 151) (patch 496 151)] [(patch 496 151) (patch 496 148) (patch 518 144)]]]
[]
[[437.3959179617189 115.62965204825734 2 3 90 115] (train 694) [453 115 2 3 106 114] (outside 992) [518 138 2 4 171 137] [518 131 2 4 171 130] [[(patch 437 116) (patch 475 111) (patch 482 111) (patch 482 109) (patch 464 106)] [(patch 464 106) (patch 291 106)] [(patch 291 106) (patch 275 109) (patch 275 120) (patch 276 129) (patch 277 134) (patch 311 141) (patch 318 148) (patch 318 151)] [(patch 318 151) (patch 491 151)] [(patch 491 151) (patch 491 148) (patch 518 131)]]]
[]
[[100.15273311673677 29.904131362309197 0 0 99 29] (train 322) [92 31 0 0 91 30] (train 436) [92 41 0 1 91 40] [93 43 0 1 92 42] [[(patch 100 30) (patch 86 20) (patch 83 6) (patch 83 3)] [(patch 83 3) (patch 256 3)] [(patch 256 3) (patch 254 74) (patch 251 74) (patch 251 73) (patch 250 72)] [(patch 250 72) (patch 77 72)] [(patch 77 72) (patch 82 51) (patch 93 43)]]]
[]
[[103.86137096660909 39.334788298990965 0 1 103 38] (train 436) [92 41 0 1 91 40] (outside 992) [518 138 2 4 171 137] [518 134 2 4 171 133] [[(patch 104 39) (patch 82 53) (patch 77 72)] [(patch 77 72) (patch 250 72)] [(patch 250 72) (patch 251 73) (patch 252 80) (patch 277 134) (patch 315 142) (patch 323 148) (patch 323 151)] [(patch 323 151) (patch 496 151)] [(patch 496 151) (patch 496 148) (patch 518 134)]]]
[]
[[102.1305926412769 41.69759143609364 0 1 101 41] (train 436) [92 41 0 1 91 40] (train 694) [453 115 2 3 106 114] [438 115 2 3 91 114] [[(patch 102 42) (patch 82 53) (patch 77 72)] [(patch 77 72) (patch 423 72)] [(patch 423 72) (patch 424 73) (patch 426 88) (patch 471 93) (patch 471 100) (patch 462 101) (patch 438 115)]]]
[]
[[100.5825311450082 29.179428069429967 0 0 100 28] (train 322) [92 31 0 0 91 30] (outside 968) [500 73 2 3 153 72] [507 74 2 3 160 73] [[(patch 101 29) (patch 86 20) (patch 83 6) (patch 83 3)] [(patch 83 3) (patch 256 3)] [(patch 256 3) (patch 256 39) (patch 273 67) (patch 276 71) (patch 292 74)] [(patch 292 74) (patch 465 74)] [(patch 465 74) (patch 476 76) (patch 498 76) (patch 507 74)]]]
[]
[[103.62698150610257 39.01755585379157 0 1 103 38] (train 436) [92 41 0 1 91 40] (outside 992) [518 138 2 4 171 137] [518 132 2 4 171 131] [[(patch 104 39) (patch 82 53) (patch 77 72)] [(patch 77 72) (patch 250 72)] [(patch 250 72) (patch 251 73) (patch 252 80) (patch 277 134) (patch 315 142) (patch 323 148) (patch 323 151)] [(patch 323 151) (patch 496 151)] [(patch 496 151) (patch 496 148) (patch 518 132)]]]
[]
[[467.5130863876589 115.76794470529131 2 3 121 115] (train 694) [453 115 2 3 106 114] (train 322) [92 31 0 0 91 30] [82 32 0 0 81 31] [[(patch 468 116) (patch 457 108) (patch 462 100) (patch 471 100) (patch 476 84) (patch 476 82) (patch 465 74)] [(patch 465 74) (patch 292 74)] [(patch 292 74) (patch 292 71) (patch 288 71) (patch 282 70) (patch 277 69) (patch 273 67) (patch 267 54) (patch 256 8) (patch 256 3)] [(patch 256 3) (patch 83 3)] [(patch 83 3) (patch 83 23) (patch 82 32)]]]
[]
[[79.13142357389815 33.801476205819185 0 0 78 33] (train 322) [92 31 0 0 91 30] (outside 992) [518 138 2 4 171 137] [518 134 2 4 171 133] [[(patch 79 34) (patch 86 20) (patch 83 6) (patch 83 3)] [(patch 83 3) (patch 256 3)] [(patch 256 3) (patch 256 85) (patch 277 134) (patch 315 142) (patch 323 148) (patch 323 151)] [(patch 323 151) (patch 496 151)] [(patch 496 151) (patch 496 148) (patch 518 134)]]]
[]
[[498.3164725322237 72.95929463669955 2 3 151 72] (outside 968) [500 73 2 3 153 72] (train 322) [92 31 0 0 91 30] [89 33 0 0 88 32] [[(patch 498 73) (patch 479 74) (patch 474 74) (patch 474 73) (patch 465 73) (patch 465 74)] [(patch 465 74) (patch 292 74)] [(patch 292 74) (patch 292 71) (patch 288 71) (patch 282 70) (patch 277 69) (patch 273 67) (patch 267 54) (patch 256 8) (patch 256 3)] [(patch 256 3) (patch 83 3)] [(patch 83 3) (patch 83 23) (patch 89 33)]]]
[]
[[99.29466008572179 28.80647479414824 0 0 98 28] (train 322) [92 31 0 0 91 30] (train 436) [92 41 0 1 91 40] [96 41 0 1 95 40] [[(patch 99 29) (patch 86 20) (patch 83 6) (patch 83 3)] [(patch 83 3) (patch 256 3)] [(patch 256 3) (patch 254 74) (patch 251 74) (patch 251 73) (patch 250 72)] [(patch 250 72) (patch 77 72)] [(patch 77 72) (patch 82 51) (patch 96 41)]]]
[]
[[517.9314978286033 136.7534109409669 2 4 171 136] (outside 992) [518 138 2 4 171 137] (train 694) [453 115 2 3 106 114] [448 114 2 3 101 113] [[(patch 518 137) (patch 496 148) (patch 496 151)] [(patch 496 151) (patch 323 151)] [(patch 323 151) (patch 323 138) (patch 277 134) (patch 276 129) (patch 275 119) (patch 275 109) (patch 291 106)] [(patch 291 106) (patch 464 106)] [(patch 464 106) (patch 482 109) (patch 482 111) (patch 455 113) (patch 448 114)]]]
[]
[[91.64654931168339 30.036320457384264 0 0 91 29] (train 322) [92 31 0 0 91 30] (train 831) [453 125 2 4 106 124] [456 125 2 4 109 124] [[(patch 92 30) (patch 86 20) (patch 83 6) (patch 83 3)] [(patch 83 3) (patch 256 3)] [(patch 256 3) (patch 257 113) (patch 263 142) (patch 287 144) (patch 289 144) (patch 289 145)] [(patch 289 145) (patch 462 145)] [(patch 462 145) (patch 462 142) (patch 482 142) (patch 482 140) (patch 456 125)]]]
[]
[[442.58708266392887 114.1996603804357 2 3 96 113] (train 694) [453 115 2 3 106 114] (outside 992) [518 138 2 4 171 137] [518 145 2 4 171 144] [[(patch 443 114) (patch 475 111) (patch 482 111) (patch 482 109) (patch 464 106)] [(patch 464 106) (patch 291 106)] [(patch 291 106) (patch 275 109) (patch 275 120) (patch 276 129) (patch 277 134) (patch 291 135) (patch 314 142) (patch 323 148) (patch 323 151)] [(patch 323 151) (patch 496 151)] [(patch 496 151) (patch 496 148) (patch 518 145)]]]
[]
[[89.20345346808949 30.549889600303597 0 0 88 30] (train 322) [92 31 0 0 91 30] (outside 992) [518 138 2 4 171 137] [518 141 2 4 171 140] [[(patch 89 31) (patch 86 20) (patch 83 6) (patch 83 3)] [(patch 83 3) (patch 256 3)] [(patch 256 3) (patch 256 85) (patch 277 134) (patch 315 142) (patch 323 148) (patch 323 151)] [(patch 323 151) (patch 496 151)] [(patch 496 151) (patch 496 148) (patch 518 141)]]]
[]
[[444.5589836726786 124.4369496177082 2 4 98 123] (train 831) [453 125 2 4 106 124] (train 436) [92 41 0 1 91 40] [105 40 0 1 104 39] [[(patch 445 124) (patch 407 136) (patch 392 139) (patch 392 142) (patch 404 145)] [(patch 404 145) (patch 231 145)] [(patch 231 145) (patch 251 142) (patch 251 73) (patch 250 72)] [(patch 250 72) (patch 77 72)] [(patch 77 72) (patch 82 51) (patch 105 40)]]]
[]
[[450.78140759705417 113.13988114432635 2 3 104 112] (train 694) [453 115 2 3 106 114] (train 322) [92 31 0 0 91 30] [84 31 0 0 83 30] [[(patch 451 113) (patch 462 100) (patch 471 100) (patch 476 84) (patch 476 82) (patch 465 74)] [(patch 465 74) (patch 292 74)] [(patch 292 74) (patch 292 71) (patch 288 71) (patch 282 70) (patch 277 69) (patch 273 67) (patch 267 54) (patch 256 8) (patch 256 3)] [(patch 256 3) (patch 83 3)] [(patch 83 3) (patch 83 23) (patch 84 31)]]]
[]
[[457.95182799756924 124.84505392394667 2 4 111 124] (train 831) [453 125 2 4 106 124] (train 694) [453 115 2 3 106 114] [462 116 2 3 115 115] [[(patch 458 125) (patch 482 140) (patch 482 146) (patch 462 146) (patch 462 145)] [(patch 462 145) (patch 289 145)] [(patch 289 145) (patch 289 146) (patch 263 146) (patch 263 133) (patch 275 109) (patch 291 106)] [(patch 291 106) (patch 464 106)] [(patch 464 106) (patch 482 109) (patch 482 111) (patch 455 113) (patch 462 116)]]]
[]
[[444.9451060636419 124.7616379569824 2 4 98 124] (train 831) [453 125 2 4 106 124] (train 436) [92 41 0 1 91 40] [89 40 0 1 88 39] [[(patch 445 125) (patch 392 139) (patch 392 142) (patch 404 145)] [(patch 404 145) (patch 231 145)] [(patch 231 145) (patch 251 142) (patch 251 73) (patch 250 72)] [(patch 250 72) (patch 77 72)] [(patch 77 72) (patch 82 51) (patch 89 40)]]]
[]
[[466.82762971842067 113.01976614831467 2 3 120 112] (train 694) [453 115 2 3 106 114] (outside 968) [500 73 2 3 153 72] [502 73 2 3 155 72] [[(patch 467 113) (patch 472 111) (patch 482 111) (patch 502 73)]]]
[]
[[517.9355719819491 141.25705007180048 2 4 171 140] (outside 992) [518 138 2 4 171 137] (train 549) [449 96 2 3 102 95] [440 95 2 3 93 94] [[(patch 518 141) (patch 496 148) (patch 496 151)] [(patch 496 151) (patch 323 151)] [(patch 323 151) (patch 323 144) (patch 290 135) (patch 277 134) (patch 251 74) (patch 251 73) (patch 250 72)] [(patch 250 72) (patch 423 72)] [(patch 423 72) (patch 424 73) (patch 424 74) (patch 427 81) (patch 440 95)]]]
[]
[[460.6056261933061 116.04589491545313 2 3 114 115] (train 694) [453 115 2 3 106 114] (train 436) [92 41 0 1 91 40] [87 41 0 1 86 40] [[(patch 461 116) (patch 462 100) (patch 471 100) (patch 471 93) (patch 427 81) (patch 424 74) (patch 424 73) (patch 423 72)] [(patch 423 72) (patch 77 72)] [(patch 77 72) (patch 82 51) (patch 87 41)]]]
[]
[[102.52311544016203 41.125026884670845 0 1 102 40] (train 436) [92 41 0 1 91 40] (outside 968) [500 73 2 3 153 72] [503 73 2 3 156 72] [[(patch 103 41) (patch 82 53) (patch 77 72)] [(patch 77 72) (patch 250 72)] [(patch 250 72) (patch 251 73) (patch 251 74) (patch 292 74)] [(patch 292 74) (patch 465 74)] [(patch 465 74) (patch 476 76) (patch 498 76) (patch 503 73)]]]
[]
[[450.20278192070134 95.93553179985365 2 3 103 95] (train 549) [449 96 2 3 102 95] (train 436) [92 41 0 1 91 40] [104 40 0 1 103 39] [[(patch 450 96) (patch 427 81) (patch 424 74) (patch 424 72) (patch 423 72)] [(patch 423 72) (patch 77 72)] [(patch 77 72) (patch 82 51) (patch 104 40)]]]
[]
[[517.7244318208764 132.9182777280191 2 4 171 132] (outside 992) [518 138 2 4 171 137] (train 436) [92 41 0 1 91 40] [89 43 0 1 88 42] [[(patch 518 133) (patch 496 148) (patch 496 151)] [(patch 496 151) (patch 323 151)] [(patch 323 151) (patch 323 144) (patch 290 135) (patch 277 134) (patch 251 74) (patch 251 73) (patch 250 72)] [(patch 250 72) (patch 77 72)] [(patch 77 72) (patch 82 51) (patch 89 43)]]]
[]
[[444.87269829471614 96.71391684467261 2 3 98 96] (train 549) [449 96 2 3 102 95] (train 831) [453 125 2 4 106 124] [452 124 2 4 105 123] [[(patch 445 97) (patch 427 81) (patch 424 74) (patch 424 72) (patch 423 72)] [(patch 423 72) (patch 250 72)] [(patch 250 72) (patch 251 73) (patch 263 142) (patch 287 144) (patch 289 144) (patch 289 145)] [(patch 289 145) (patch 462 145)] [(patch 462 145) (patch 462 142) (patch 482 142) (patch 482 140) (patch 452 124)]]]
[]
[[85.44315773909426 33.31200275291241 0 0 84 32] (train 322) [92 31 0 0 91 30] (train 831) [453 125 2 4 106 124] [454 126 2 4 107 125] [[(patch 85 33) (patch 86 20) (patch 83 6) (patch 83 3)] [(patch 83 3) (patch 256 3)] [(patch 256 3) (patch 257 113) (patch 263 142) (patch 287 144) (patch 289 144) (patch 289 145)] [(patch 289 145) (patch 462 145)] [(patch 462 145) (patch 462 142) (patch 482 142) (patch 482 140) (patch 454 126)]]]
[]
[[449.8589691136581 113.66788545641882 2 3 103 113] (train 694) [453 115 2 3 106 114] (train 831) [453 125 2 4 106 124] [456 125 2 4 109 124] [[(patch 450 114) (patch 475 111) (patch 482 111) (patch 482 109) (patch 464 106)] [(patch 464 106) (patch 291 106)] [(patch 291 106) (patch 275 109) (patch 263 140) (patch 263 142) (patch 287 144) (patch 289 144) (patch 289 145)] [(patch 289 145) (patch 462 145)] [(patch 462 145) (patch 462 142) (patch 482 142) (patch 482 140) (patch 456 125)]]]
[]
[[461.33532769227355 115.28697402263172 2 3 114 114] (train 694) [453 115 2 3 106 114] (outside 992) [518 138 2 4 171 137] [518 132 2 4 171 131] [[(patch 461 115) (patch 472 111) (patch 475 111) (patch 482 111) (patch 482 109) (patch 464 106)] [(patch 464 106) (patch 291 106)] [(patch 291 106) (patch 275 109) (patch 275 120) (patch 276 129) (patch 277 134) (patch 311 141) (patch 318 148) (patch 318 151)] [(patch 318 151) (patch 491 151)] [(patch 491 151) (patch 491 148) (patch 518 132)]]]
[]
[[463.7393738159416 123.14428052036317 2 4 117 122] (train 831) [453 125 2 4 106 124] (outside 968) [500 73 2 3 153 72] [491 72 2 3 144 71] [[(patch 464 123) (patch 482 140) (patch 482 146) (patch 462 146) (patch 462 145)] [(patch 462 145) (patch 289 145)] [(patch 289 145) (patch 289 146) (patch 263 146) (patch 263 133) (patch 275 109) (patch 291 106)] [(patch 291 106) (patch 464 106)] [(patch 464 106) (patch 482 103) (patch 491 72)]]]
[]
[[94.28391539073827 41.936416802455845 0 1 93 41] (train 436) [92 41 0 1 91 40] (train 549) [449 96 2 3 102 95] [436 95 2 3 89 94] [[(patch 94 42) (patch 82 53) (patch 77 72)] [(patch 77 72) (patch 423 72)] [(patch 423 72) (patch 424 73) (patch 424 74) (patch 427 81) (patch 436 95)]]]
[]
[[466.37921734710386 125.92285506068959 2 4 119 125] (train 831) [453 125 2 4 106 124] (outside 992) [518 138 2 4 171 137] [518 138 2 4 171 137] [[(patch 466 126) (patch 469 127) (patch 518 138)]]]
[]
[[458.893789040921 94.61605112971039 2 3 112 94] (train 549) [449 96 2 3 102 95] (train 694) [453 115 2 3 106 114] [447 113 2 3 100 112] [[(patch 459 95) (patch 466 93) (patch 471 93) (patch 471 100) (patch 459 101) (patch 447 113)]]]
[]
[[436.3005080539355 125.68225973847328 2 4 89 125] (train 831) [453 125 2 4 106 124] (train 322) [92 31 0 0 91 30] [83 34 0 0 82 33] [[(patch 436 126) (patch 436 129) (patch 392 139) (patch 392 142) (patch 404 145)] [(patch 404 145) (patch 231 145)] [(patch 231 145) (patch 251 142) (patch 254 73) (patch 256 3)] [(patch 256 3) (patch 83 3)] [(patch 83 3) (patch 83 23) (patch 83 34)]]]
[]
[[518.0005171903504 141.6749228203098 2 4 171 141] (outside 992) [518 138 2 4 171 137] (train 322) [92 31 0 0 91 30] [97 31 0 0 96 30] [[(patch 518 142) (patch 491 148) (patch 491 151)] [(patch 491 151) (patch 318 151)] [(patch 318 151) (patch 318 136) (patch 313 136) (patch 290 135) (patch 277 134) (patch 276 129) (patch 256 8) (patch 256 3)] [(patch 256 3) (patch 83 3)] [(patch 83 3) (patch 83 23) (patch 97 31)]]]
[]
[[99.45411224163794 31.71284597334844 0 0 98 31] (train 322) [92 31 0 0 91 30] (train 831) [453 125 2 4 106 124] [446 125 2 4 99 124] [[(patch 99 32) (patch 86 20) (patch 83 6) (patch 83 3)] [(patch 83 3) (patch 256 3)] [(patch 256 3) (patch 253 123) (patch 251 142) (patch 231 145)] [(patch 231 145) (patch 404 145)] [(patch 404 145) (patch 392 142) (patch 392 139) (patch 446 125)]]]
[]
[[460.75305069117684 112.91326936039509 2 3 114 112] (train 694) [453 115 2 3 106 114] (train 436) [92 41 0 1 91 40] [104 40 0 1 103 39] [[(patch 461 113) (patch 462 100) (patch 471 100) (patch 471 93) (patch 427 81) (patch 424 74) (patch 424 73) (patch 423 72)] [(patch 423 72) (patch 77 72)] [(patch 77 72) (patch 82 51) (patch 104 40)]]]
[]
[[455.69938094717224 113.56470415992636 2 3 109 113] (train 694) [453 115 2 3 106 114] (train 322) [92 31 0 0 91 30] [89 33 0 0 88 32] [[(patch 456 114) (patch 462 100) (patch 471 100) (patch 476 84) (patch 476 82) (patch 465 74)] [(patch 465 74) (patch 292 74)] [(patch 292 74) (patch 292 71) (patch 288 71) (patch 282 70) (patch 277 69) (patch 273 67) (patch 267 54) (patch 256 8) (patch 256 3)] [(patch 256 3) (patch 83 3)] [(patch 83 3) (patch 83 23) (patch 89 33)]]]
[]
[[447.20607771659394 114.01869898350226 2 3 100 113] (train 694) [453 115 2 3 106 114] (outside 968) [500 73 2 3 153 72] [506 74 2 3 159 73] [[(patch 447 114) (patch 462 101) (patch 481 99) (patch 506 74)]]]
[]
[[93.27946175730953 32.1002225145221 0 0 92 31] (train 322) [92 31 0 0 91 30] (train 694) [453 115 2 3 106 114] [465 115 2 3 118 114] [[(patch 93 32) (patch 86 20) (patch 83 6) (patch 83 3)] [(patch 83 3) (patch 256 3)] [(patch 256 3) (patch 256 39) (patch 273 67) (patch 276 71) (patch 292 74)] [(patch 292 74) (patch 465 74)] [(patch 465 74) (patch 476 82) (patch 476 92) (patch 471 100) (patch 462 101) (patch 459 106) (patch 465 115)]]]
[]
[[445.715586831625 94.54376175020552 2 3 99 94] (train 549) [449 96 2 3 102 95] (train 694) [453 115 2 3 106 114] [445 114 2 3 98 113] [[(patch 446 95) (patch 467 93) (patch 471 93) (patch 471 100) (patch 458 101) (patch 445 114)]]]
[]
[[433.58598492397414 96.51790257234376 2 3 87 96] (train 549) [449 96 2 3 102 95] (train 322) [92 31 0 0 91 30] [92 30 0 0 91 29] [[(patch 434 97) (patch 427 81) (patch 424 74) (patch 424 72) (patch 423 72)] [(patch 423 72) (patch 250 72)] [(patch 250 72) (patch 251 73) (patch 251 74) (patch 254 74) (patch 256 3)] [(patch 256 3) (patch 83 3)] [(patch 83 3) (patch 83 23) (patch 92 30)]]]
[]
[[103.33225918187063 40.81203046984409 0 1 102 40] (train 436) [92 41 0 1 91 40] (train 694) [453 115 2 3 106 114] [457 116 2 3 110 115] [[(patch 103 41) (patch 82 53) (patch 77 72)] [(patch 77 72) (patch 423 72)] [(patch 423 72) (patch 424 73) (patch 426 88) (patch 471 93) (patch 471 100) (patch 462 101) (patch 457 116)]]]
[]
[[100.93181046905906 30.008532961942525 0 0 100 29] (train 322) [92 31 0 0 91 30] (train 831) [453 125 2 4 106 124] [447 126 2 4 100 125] [[(patch 101 30) (patch 86 20) (patch 83 6) (patch 83 3)] [(patch 83 3) (patch 256 3)] [(patch 256 3) (patch 257 113) (patch 263 142) (patch 287 144) (patch 289 144) (patch 289 145)] [(patch 289 145) (patch 462 145)] [(patch 462 145) (patch 462 142) (patch 482 142) (patch 482 140) (patch 447 126)]]]
[]
[[494.8600146348835 72.28409749651914 2 3 148 71] (outside 968) [500 73 2 3 153 72] (outside 992) [518 138 2 4 171 137] [518 145 2 4 171 144] [[(patch 495 72) (patch 482 103) (patch 464 106)] [(patch 464 106) (patch 291 106)] [(patch 291 106) (patch 275 109) (patch 275 120) (patch 276 129) (patch 277 134) (patch 291 135) (patch 314 142) (patch 323 148) (patch 323 151)] [(patch 323 151) (patch 496 151)] [(patch 496 151) (patch 496 148) (patch 518 145)]]]
[]
[[80.24056643685914 34.01435076007094 0 0 79 33] (train 322) [92 31 0 0 91 30] (train 549) [449 96 2 3 102 95] [441 97 2 3 94 96] [[(patch 80 34) (patch 86 20) (patch 83 6) (patch 83 3)] [(patch 83 3) (patch 256 3)] [(patch 256 3) (patch 254 74) (patch 251 74) (patch 251 73) (patch 250 72)] [(patch 250 72) (patch 423 72)] [(patch 423 72) (patch 424 73) (patch 424 74) (patch 427 81) (patch 441 97)]]]
[]
[[91.11914828312156 32.6067297348783 0 0 90 32] (train 322) [92 31 0 0 91 30] (outside 968) [500 73 2 3 153 72] [503 73 2 3 156 72] [[(patch 91 33) (patch 86 20) (patch 83 6) (patch 83 3)] [(patch 83 3) (patch 256 3)] [(patch 256 3) (patch 256 39) (patch 273 67) (patch 276 71) (patch 292 74)] [(patch 292 74) (patch 465 74)] [(patch 465 74) (patch 476 76) (patch 498 76) (patch 503 73)]]]
[]
[[452.4794621957495 123.47732747651183 2 4 105 122] (train 831) [453 125 2 4 106 124] (outside 968) [500 73 2 3 153 72] [504 73 2 3 157 72] [[(patch 452 123) (patch 482 140) (patch 482 146) (patch 462 146) (patch 462 145)] [(patch 462 145) (patch 289 145)] [(patch 289 145) (patch 289 146) (patch 263 146) (patch 263 133) (patch 275 109) (patch 291 106)] [(patch 291 106) (patch 464 106)] [(patch 464 106) (patch 482 103) (patch 504 73)]]]
[]
[[81.7931797324397 32.49496841022846 0 0 81 31] (train 322) [92 31 0 0 91 30] (outside 968) [500 73 2 3 153 72] [507 74 2 3 160 73] [[(patch 82 32) (patch 86 20) (patch 83 6) (patch 83 3)] [(patch 83 3) (patch 256 3)] [(patch 256 3) (patch 256 39) (patch 273 67) (patch 276 71) (patch 292 74)] [(patch 292 74) (patch 465 74)] [(patch 465 74) (patch 476 76) (patch 498 76) (patch 507 74)]]]
[]
[[437.83054146232604 125.61199718884761 2 4 91 125] (train 831) [453 125 2 4 106 124] (train 322) [92 31 0 0 91 30] [96 32 0 0 95 31] [[(patch 438 126) (patch 419 133) (patch 392 139) (patch 392 142) (patch 404 145)] [(patch 404 145) (patch 231 145)] [(patch 231 145) (patch 251 142) (patch 254 73) (patch 256 3)] [(patch 256 3) (patch 83 3)] [(patch 83 3) (patch 83 23) (patch 96 32)]]]
[]
[[87.48100380647843 43.38960624331747 0 1 86 42] (train 436) [92 41 0 1 91 40] (outside 968) [500 73 2 3 153 72] [507 74 2 3 160 73] [[(patch 87 43) (patch 82 53) (patch 77 72)] [(patch 77 72) (patch 250 72)] [(patch 250 72) (patch 251 73) (patch 251 74) (patch 292 74)] [(patch 292 74) (patch 465 74)] [(patch 465 74) (patch 476 76) (patch 498 76) (patch 507 74)]]]
[]
[[450.651957736504 115.61519165250786 2 3 104 115] (train 694) [453 115 2 3 106 114] (train 549) [449 96 2 3 102 95] [455 94 2 3 108 93] [[(patch 451 116) (patch 463 100) (patch 471 100) (patch 471 93) (patch 456 93) (patch 455 94)]]]
[]
[[439.481867497863 123.46999289778495 2 4 92 122] (train 831) [453 125 2 4 106 124] (train 549) [449 96 2 3 102 95] [453 97 2 3 106 96] [[(patch 439 123) (patch 433 130) (patch 392 139) (patch 392 142) (patch 404 145)] [(patch 404 145) (patch 231 145)] [(patch 231 145) (patch 251 142) (patch 251 73) (patch 250 72)] [(patch 250 72) (patch 423 72)] [(patch 423 72) (patch 424 73) (patch 424 74) (patch 427 81) (patch 453 97)]]]
[]
[[461.20951823499905 126.49594025102553 2 4 114 125] (train 831) [453 125 2 4 106 124] (train 549) [449 96 2 3 102 95] [466 97 2 3 119 96] [[(patch 461 126) (patch 482 140) (patch 482 146) (patch 462 146) (patch 462 145)] [(patch 462 145) (patch 289 145)] [(patch 289 145) (patch 289 146) (patch 263 146) (patch 263 133) (patch 275 109) (patch 291 106)] [(patch 291 106) (patch 464 106)] [(patch 464 106) (patch 482 103) (patch 482 101) (patch 471 93) (patch 452 93) (patch 466 97)]]]
[]
[[467.99206494825273 123.64620992013408 2 4 121 123] (train 831) [453 125 2 4 106 124] (train 549) [449 96 2 3 102 95] [466 96 2 3 119 95] [[(patch 468 124) (patch 473 136) (patch 482 140) (patch 482 146) (patch 462 146) (patch 462 145)] [(patch 462 145) (patch 289 145)] [(patch 289 145) (patch 289 146) (patch 263 146) (patch 263 133) (patch 275 109) (patch 291 106)] [(patch 291 106) (patch 464 106)] [(patch 464 106) (patch 482 103) (patch 482 101) (patch 471 93) (patch 452 93) (patch 466 96)]]]
[]
[[444.70104353438546 123.10127931653379 2 4 98 122] (train 831) [453 125 2 4 106 124] (train 322) [92 31 0 0 91 30] [87 31 0 0 86 30] [[(patch 445 123) (patch 424 132) (patch 392 139) (patch 392 142) (patch 404 145)] [(patch 404 145) (patch 231 145)] [(patch 231 145) (patch 251 142) (patch 254 73) (patch 256 3)] [(patch 256 3) (patch 83 3)] [(patch 83 3) (patch 83 23) (patch 87 31)]]]
[]
[[451.1218162966637 115.50582370524953 2 3 104 115] (train 694) [453 115 2 3 106 114] (train 549) [449 96 2 3 102 95] [452 95 2 3 105 94] [[(patch 451 116) (patch 463 100) (patch 471 100) (patch 471 93) (patch 453 93) (patch 452 95)]]]
[]
[[89.06146503375918 42.70231257072014 0 1 88 42] (train 436) [92 41 0 1 91 40] (train 831) [453 125 2 4 106 124] [463 126 2 4 116 125] [[(patch 89 43) (patch 82 53) (patch 77 72)] [(patch 77 72) (patch 250 72)] [(patch 250 72) (patch 251 73) (patch 263 142) (patch 287 144) (patch 289 144) (patch 289 145)] [(patch 289 145) (patch 462 145)] [(patch 462 145) (patch 462 142) (patch 482 142) (patch 482 140) (patch 463 126)]]]
[]
[[455.8260390704349 125.43394414432012 2 4 109 124] (train 831) [453 125 2 4 106 124] (outside 968) [500 73 2 3 153 72] [510 74 2 3 163 73] [[(patch 456 125) (patch 482 140) (patch 482 146) (patch 462 146) (patch 462 145)] [(patch 462 145) (patch 289 145)] [(patch 289 145) (patch 289 146) (patch 263 146) (patch 263 133) (patch 275 109) (patch 291 106)] [(patch 291 106) (patch 464 106)] [(patch 464 106) (patch 482 103) (patch 510 74)]]]
[]
[[80.41802754895632 40.96159573294622 0 1 79 40] (train 436) [92 41 0 1 91 40] (train 831) [453 125 2 4 106 124] [445 124 2 4 98 123] [[(patch 80 41) (patch 82 53) (patch 77 72)] [(patch 77 72) (patch 250 72)] [(patch 250 72) (patch 251 73) (patch 251 142) (patch 231 145)] [(patch 231 145) (patch 404 145)] [(patch 404 145) (patch 392 142) (patch 392 139) (patch 407 136) (patch 445 124)]]]
[]
[[444.9143710602755 96.64508841061019 2 3 98 96] (train 549) [449 96 2 3 102 95] (outside 968) [500 73 2 3 153 72] [507 74 2 3 160 73] [[(patch 445 97) (patch 507 74)]]]
[]
[[79.89081947824127 33.600985192487265 0 0 79 33] (train 322) [92 31 0 0 91 30] (train 694) [453 115 2 3 106 114] [469 113 2 3 122 112] [[(patch 80 34) (patch 86 20) (patch 83 6) (patch 83 3)] [(patch 83 3) (patch 256 3)] [(patch 256 3) (patch 256 39) (patch 273 67) (patch 276 71) (patch 292 74)] [(patch 292 74) (patch 465 74)] [(patch 465 74) (patch 476 82) (patch 476 92) (patch 471 100) (patch 462 101) (patch 456 110) (patch 469 113)]]]
[]
[[82.87933983711365 33.915866913678926 0 0 82 33] (train 322) [92 31 0 0 91 30] (train 831) [453 125 2 4 106 124] [466 123 2 4 119 122] [[(patch 83 34) (patch 86 20) (patch 83 6) (patch 83 3)] [(patch 83 3) (patch 256 3)] [(patch 256 3) (patch 257 113) (patch 263 142) (patch 287 144) (patch 289 144) (patch 289 145)] [(patch 289 145) (patch 462 145)] [(patch 462 145) (patch 462 142) (patch 482 142) (patch 482 140) (patch 480 139) (patch 466 123)]]]
[]
[[444.3369278502 113.08466243956984 2 3 97 112] (train 694) [453 115 2 3 106 114] (train 436) [92 41 0 1 91 40] [94 42 0 1 93 41] [[(patch 444 113) (patch 462 100) (patch 471 100) (patch 471 93) (patch 427 81) (patch 424 74) (patch 424 73) (patch 423 72)] [(patch 423 72) (patch 77 72)] [(patch 77 72) (patch 82 51) (patch 94 42)]]]
[]
[[97.47031822442581 41.11171227984954 0 1 96 40] (train 436) [92 41 0 1 91 40] (train 831) [453 125 2 4 106 124] [436 125 2 4 89 124] [[(patch 97 41) (patch 82 53) (patch 77 72)] [(patch 77 72) (patch 250 72)] [(patch 250 72) (patch 251 73) (patch 251 142) (patch 231 145)] [(patch 231 145) (patch 404 145)] [(patch 404 145) (patch 392 142) (patch 392 139) (patch 436 129) (patch 436 125)]]]
[]
[[85.03180921485638 42.94070218908929 0 1 84 42] (train 436) [92 41 0 1 91 40] (train 322) [92 31 0 0 91 30] [93 32 0 0 92 31] [[(patch 85 43) (patch 82 53) (patch 77 72)] [(patch 77 72) (patch 250 72)] [(patch 250 72) (patch 251 73) (patch 251 74) (patch 254 74) (patch 256 3)] [(patch 256 3) (patch 83 3)] [(patch 83 3) (patch 83 23) (patch 93 32)]]]
[]
[[445.8409645979542 115.69724238703112 2 3 99 115] (train 694) [453 115 2 3 106 114] (train 831) [453 125 2 4 106 124] [465 126 2 4 118 125] [[(patch 446 116) (patch 475 111) (patch 482 111) (patch 482 109) (patch 464 106)] [(patch 464 106) (patch 291 106)] [(patch 291 106) (patch 275 109) (patch 263 140) (patch 263 142) (patch 287 144) (patch 289 144) (patch 289 145)] [(patch 289 145) (patch 462 145)] [(patch 462 145) (patch 462 142) (patch 482 142) (patch 482 140) (patch 465 126)]]]
[]
[[80.59827705220411 33.25715861704041 0 0 80 32] (train 322) [92 31 0 0 91 30] (outside 992) [518 138 2 4 171 137] [518 133 2 4 171 132] [[(patch 81 33) (patch 86 20) (patch 83 6) (patch 83 3)] [(patch 83 3) (patch 256 3)] [(patch 256 3) (patch 256 85) (patch 277 134) (patch 315 142) (patch 323 148) (patch 323 151)] [(patch 323 151) (patch 496 151)] [(patch 496 151) (patch 496 148) (patch 518 133)]]]
[]
[[95.84036697811193 41.37678266666815 0 1 95 40] (train 436) [92 41 0 1 91 40] (train 322) [92 31 0 0 91 30] [89 32 0 0 88 31] [[(patch 96 41) (patch 82 53) (patch 77 72)] [(patch 77 72) (patch 250 72)] [(patch 250 72) (patch 251 73) (patch 251 74) (patch 254 74) (patch 256 3)] [(patch 256 3) (patch 83 3)] [(patch 83 3) (patch 83 23) (patch 89 32)]]]
[]
[[459.6133122366928 95.11504582591974 2 3 113 94] (train 549) [449 96 2 3 102 95] (train 322) [92 31 0 0 91 30] [94 30 0 0 93 29] [[(patch 460 95) (patch 476 84) (patch 476 82) (patch 465 74)] [(patch 465 74) (patch 292 74)] [(patch 292 74) (patch 292 71) (patch 288 71) (patch 282 70) (patch 277 69) (patch 273 67) (patch 267 54) (patch 256 8) (patch 256 3)] [(patch 256 3) (patch 83 3)] [(patch 83 3) (patch 83 23) (patch 94 30)]]]
[]
[[86.59023497573656 31.22367696006295 0 0 86 30] (train 322) [92 31 0 0 91 30] (train 549) [449 96 2 3 102 95] [447 95 2 3 100 94] [[(patch 87 31) (patch 86 20) (patch 83 6) (patch 83 3)] [(patch 83 3) (patch 256 3)] [(patch 256 3) (patch 254 74) (patch 251 74) (patch 251 73) (patch 250 72)] [(patch 250 72) (patch 423 72)] [(patch 423 72) (patch 424 73) (patch 424 74) (patch 427 81) (patch 447 95)]]]
[]
[[94.62909047169376 30.880324227573606 0 0 94 30] (train 322) [92 31 0 0 91 30] (outside 992) [518 138 2 4 171 137] [518 140 2 4 171 139] [[(patch 95 31) (patch 86 20) (patch 83 6) (patch 83 3)] [(patch 83 3) (patch 256 3)] [(patch 256 3) (patch 256 85) (patch 277 134) (patch 315 142) (patch 323 148) (patch 323 151)] [(patch 323 151) (patch 496 151)] [(patch 496 151) (patch 496 148) (patch 518 140)]]]
[]
[[437.6364144631637 96.18540834640274 2 3 91 95] (train 549) [449 96 2 3 102 95] (train 831) [453 125 2 4 106 124] [450 126 2 4 103 125] [[(patch 438 96) (patch 427 81) (patch 424 74) (patch 424 72) (patch 423 72)] [(patch 423 72) (patch 250 72)] [(patch 250 72) (patch 251 73) (patch 263 142) (patch 287 144) (patch 289 144) (patch 289 145)] [(patch 289 145) (patch 462 145)] [(patch 462 145) (patch 462 142) (patch 482 142) (patch 482 140) (patch 450 126)]]]
[]
[[90.84804806251142 41.19222811339319 0 1 90 40] (train 436) [92 41 0 1 91 40] (outside 968) [500 73 2 3 153 72] [491 72 2 3 144 71] [[(patch 91 41) (patch 82 53) (patch 77 72)] [(patch 77 72) (patch 250 72)] [(patch 250 72) (patch 251 73) (patch 251 74) (patch 292 74)] [(patch 292 74) (patch 465 74)] [(patch 465 74) (patch 476 76) (patch 498 76) (patch 491 72)]]]
[]
[[443.1890668160308 123.2072976147487 2 4 96 122] (train 831) [453 125 2 4 106 124] (train 436) [92 41 0 1 91 40] [84 42 0 1 83 41] [[(patch 443 123) (patch 428 131) (patch 392 139) (patch 392 142) (patch 404 145)] [(patch 404 145) (patch 231 145)] [(patch 231 145) (patch 251 142) (patch 251 73) (patch 250 72)] [(patch 250 72) (patch 77 72)] [(patch 77 72) (patch 82 51) (patch 84 42)]]]
[]
[[491.6257992990323 72.18802320545173 2 3 145 71] (outside 968) [500 73 2 3 153 72] (train 436) [92 41 0 1 91 40] [78 41 0 1 77 40] [[(patch 492 72) (patch 487 74) (patch 479 74) (patch 474 74) (patch 474 73) (patch 465 73) (patch 465 74)] [(patch 465 74) (patch 292 74)] [(patch 292 74) (patch 251 74) (patch 251 73) (patch 250 72)] [(patch 250 72) (patch 77 72)] [(patch 77 72) (patch 82 51) (patch 78 41)]]]
[]
[[90.03295541439743 42.222297911660796 0 1 89 41] (train 436) [92 41 0 1 91 40] (train 322) [92 31 0 0 91 30] [101 29 0 0 100 28] [[(patch 90 42) (patch 82 53) (patch 77 72)] [(patch 77 72) (patch 250 72)] [(patch 250 72) (patch 251 73) (patch 251 74) (patch 254 74) (patch 256 3)] [(patch 256 3) (patch 83 3)] [(patch 83 3) (patch 83 23) (patch 101 29)]]]
[]
[[94.99559891216504 41.671650391486864 0 1 94 41] (train 436) [92 41 0 1 91 40] (train 831) [453 125 2 4 106 124] [468 123 2 4 121 122] [[(patch 95 42) (patch 82 53) (patch 77 72)] [(patch 77 72) (patch 250 72)] [(patch 250 72) (patch 251 73) (patch 263 142) (patch 287 144) (patch 289 144) (patch 289 145)] [(patch 289 145) (patch 462 145)] [(patch 462 145) (patch 462 142) (patch 482 142) (patch 482 140) (patch 471 134) (patch 468 123)]]]
[]
[[93.0792564281605 41.10934415960963 0 1 92 40] (train 436) [92 41 0 1 91 40] (train 549) [449 96 2 3 102 95] [439 95 2 3 92 94] [[(patch 93 41) (patch 82 53) (patch 77 72)] [(patch 77 72) (patch 423 72)] [(patch 423 72) (patch 424 73) (patch 424 74) (patch 427 81) (patch 439 95)]]]
[]
[[95.25716861404933 30.32634278087879 0 0 94 29] (train 322) [92 31 0 0 91 30] (outside 992) [518 138 2 4 171 137] [518 140 2 4 171 139] [[(patch 95 30) (patch 86 20) (patch 83 6) (patch 83 3)] [(patch 83 3) (patch 256 3)] [(patch 256 3) (patch 256 85) (patch 277 134) (patch 315 142) (patch 323 148) (patch 323 151)] [(patch 323 151) (patch 496 151)] [(patch 496 151) (patch 496 148) (patch 518 140)]]]
[]
[[462.5289972313196 94.23833951298488 2 3 116 93] (train 549) [449 96 2 3 102 95] (outside 992) [518 138 2 4 171 137] [518 137 2 4 171 136] [[(patch 463 94) (patch 466 93) (patch 471 93) (patch 482 101) (patch 482 103) (patch 464 106)] [(patch 464 106) (patch 291 106)] [(patch 291 106) (patch 275 109) (patch 275 120) (patch 276 129) (patch 277 134) (patch 291 135) (patch 314 142) (patch 323 148) (patch 323 151)] [(patch 323 151) (patch 496 151)] [(patch 496 151) (patch 496 148) (patch 518 137)]]]
[]
[[452.07100435192905 94.83756872357554 2 3 105 94] (train 549) [449 96 2 3 102 95] (train 694) [453 115 2 3 106 114] [455 114 2 3 108 113] [[(patch 452 95) (patch 466 93) (patch 471 93) (patch 471 100) (patch 462 101) (patch 455 114)]]]
[]
[[462.19550621508336 123.39056317576653 2 4 115 122] (train 831) [453 125 2 4 106 124] (train 549) [449 96 2 3 102 95] [457 94 2 3 110 93] [[(patch 462 123) (patch 482 140) (patch 482 146) (patch 462 146) (patch 462 145)] [(patch 462 145) (patch 289 145)] [(patch 289 145) (patch 289 146) (patch 263 146) (patch 263 133) (patch 275 109) (patch 291 106)] [(patch 291 106) (patch 464 106)] [(patch 464 106) (patch 482 103) (patch 482 101) (patch 471 93) (patch 452 93) (patch 457 94)]]]
[]
[[460.20706371234667 112.62609011486113 2 3 113 112] (train 694) [453 115 2 3 106 114] (train 322) [92 31 0 0 91 30] [85 34 0 0 84 33] [[(patch 460 113) (patch 462 100) (patch 471 100) (patch 476 84) (patch 476 82) (patch 465 74)] [(patch 465 74) (patch 292 74)] [(patch 292 74) (patch 292 71) (patch 288 71) (patch 282 70) (patch 277 69) (patch 273 67) (patch 267 54) (patch 256 8) (patch 256 3)] [(patch 256 3) (patch 83 3)] [(patch 83 3) (patch 83 23) (patch 85 34)]]]
[]
[[85.59701949988019 43.127276694637125 0 1 85 42] (train 436) [92 41 0 1 91 40] (train 831) [453 125 2 4 106 124] [436 123 2 4 89 122] [[(patch 86 43) (patch 82 53) (patch 77 72)] [(patch 77 72) (patch 250 72)] [(patch 250 72) (patch 251 73) (patch 251 142) (patch 231 145)] [(patch 231 145) (patch 404 145)] [(patch 404 145) (patch 392 142) (patch 392 139) (patch 436 129) (patch 436 123)]]]
[]
[[432.14331128437476 96.99051829680454 2 3 85 96] (train 549) [449 96 2 3 102 95] (train 694) [453 115 2 3 106 114] [450 116 2 3 103 115] [[(patch 432 97) (patch 467 93) (patch 471 93) (patch 471 100) (patch 462 101) (patch 450 116)]]]
[]
[[84.2294565273521 33.81824995195132 0 0 83 33] (train 322) [92 31 0 0 91 30] (train 436) [92 41 0 1 91 40] [101 41 0 1 100 40] [[(patch 84 34) (patch 86 20) (patch 83 6) (patch 83 3)] [(patch 83 3) (patch 256 3)] [(patch 256 3) (patch 254 74) (patch 251 74) (patch 251 73) (patch 250 72)] [(patch 250 72) (patch 77 72)] [(patch 77 72) (patch 82 51) (patch 101 41)]]]
[]
[[441.8650637898808 96.83380273609536 2 3 95 96] (train 549) [449 96 2 3 102 95] (train 322) [92 31 0 0 91 30] [80 33 0 0 79 32] [[(patch 442 97) (patch 427 81) (patch 424 74) (patch 424 72) (patch 423 72)] [(patch 423 72) (patch 250 72)] [(patch 250 72) (patch 251 73) (patch 251 74) (patch 254 74) (patch 256 3)] [(patch 256 3) (patch 83 3)] [(patch 83 3) (patch 83 23) (patch 80 33)]]]
[]
[[452.3998321372315 123.42850211534576 2 4 105 122] (train 831) [453 125 2 4 106 124] (train 549) [449 96 2 3 102 95] [461 94 2 3 114 93] [[(patch 452 123) (patch 482 140) (patch 482 146) (patch 462 146) (patch 462 145)] [(patch 462 145) (patch 289 145)] [(patch 289 145) (patch 289 146) (patch 263 146) (patch 263 133) (patch 275 109) (patch 291 106)] [(patch 291 106) (patch 464 106)] [(patch 464 106) (patch 482 103) (patch 482 101) (patch 471 93) (patch 452 93) (patch 461 94)]]]
[]
[[85.7251176557102 44.08160923768686 0 1 85 43] (train 436) [92 41 0 1 91 40] (outside 968) [500 73 2 3 153 72] [503 73 2 3 156 72] [[(patch 86 44) (patch 82 53) (patch 77 72)] [(patch 77 72) (patch 250 72)] [(patch 250 72) (patch 251 73) (patch 251 74) (patch 292 74)] [(patch 292 74) (patch 465 74)] [(patch 465 74) (patch 476 76) (patch 498 76) (patch 503 73)]]]
[]
[[456.33726586439735 125.03692562786956 2 4 109 124] (train 831) [453 125 2 4 106 124] (outside 992) [518 138 2 4 171 137] [518 144 2 4 171 143] [[(patch 456 125) (patch 518 144)]]]
[]
[[449.43163436603675 95.75827862056343 2 3 102 95] (train 549) [449 96 2 3 102 95] (train 322) [92 31 0 0 91 30] [91 32 0 0 90 31] [[(patch 449 96) (patch 427 81) (patch 424 74) (patch 424 72) (patch 423 72)] [(patch 423 72) (patch 250 72)] [(patch 250 72) (patch 251 73) (patch 251 74) (patch 254 74) (patch 256 3)] [(patch 256 3) (patch 83 3)] [(patch 83 3) (patch 83 23) (patch 91 32)]]]
[]
[[448.3540790741753 124.28168919338253 2 4 101 123] (train 831) [453 125 2 4 106 124] (train 549) [449 96 2 3 102 95] [447 94 2 3 100 93] [[(patch 448 124) (patch 392 139) (patch 392 142) (patch 404 145)] [(patch 404 145) (patch 231 145)] [(patch 231 145) (patch 251 142) (patch 251 73) (patch 250 72)] [(patch 250 72) (patch 423 72)] [(patch 423 72) (patch 424 73) (patch 424 74) (patch 427 81) (patch 447 94)]]]
[]
[[83.23495615813069 41.20204304962081 0 1 82 40] (train 436) [92 41 0 1 91 40] (train 549) [449 96 2 3 102 95] [435 96 2 3 88 95] [[(patch 83 41) (patch 82 53) (patch 77 72)] [(patch 77 72) (patch 423 72)] [(patch 423 72) (patch 424 73) (patch 424 74) (patch 427 81) (patch 435 96)]]]
[]
[[101.86079376493754 31.765509317386545 0 0 101 31] (train 322) [92 31 0 0 91 30] (train 549) [449 96 2 3 102 95] [463 94 2 3 116 93] [[(patch 102 32) (patch 86 20) (patch 83 6) (patch 83 3)] [(patch 83 3) (patch 256 3)] [(patch 256 3) (patch 256 39) (patch 273 67) (patch 276 71) (patch 292 74)] [(patch 292 74) (patch 465 74)] [(patch 465 74) (patch 476 82) (patch 476 84) (patch 463 94)]]]
[]
[[452.7452797409032 93.89216507898216 2 3 106 93] (train 549) [449 96 2 3 102 95] (train 436) [92 41 0 1 91 40] [88 43 0 1 87 42] [[(patch 453 94) (patch 427 81) (patch 424 74) (patch 424 72) (patch 423 72)] [(patch 423 72) (patch 77 72)] [(patch 77 72) (patch 82 51) (patch 88 43)]]]
[]
[[442.15818597552504 93.67864064090716 2 3 95 93] (train 549) [449 96 2 3 102 95] (train 694) [453 115 2 3 106 114] [452 114 2 3 105 113] [[(patch 442 94) (patch 467 93) (patch 471 93) (patch 471 100) (patch 462 101) (patch 452 114)]]]
[]
[[517.8112372972092 144.73427755882096 2 4 171 144] (outside 992) [518 138 2 4 171 137] (train 694) [453 115 2 3 106 114] [452 115 2 3 105 114] [[(patch 518 145) (patch 496 148) (patch 496 151)] [(patch 496 151) (patch 323 151)] [(patch 323 151) (patch 323 138) (patch 277 134) (patch 276 129) (patch 275 119) (patch 275 109) (patch 291 106)] [(patch 291 106) (patch 464 106)] [(patch 464 106) (patch 482 109) (patch 482 111) (patch 455 113) (patch 452 115)]]]
[]
[[460.9749882422179 96.69475488997574 2 3 114 96] (train 549) [449 96 2 3 102 95] (train 436) [92 41 0 1 91 40] [99 41 0 1 98 40] [[(patch 461 97) (patch 427 81) (patch 424 74) (patch 424 72) (patch 423 72)] [(patch 423 72) (patch 77 72)] [(patch 77 72) (patch 82 51) (patch 99 41)]]]
[]
[[103.10299267208228 39.484997771300414 0 1 102 38] (train 436) [92 41 0 1 91 40] (train 322) [92 31 0 0 91 30] [85 32 0 0 84 31] [[(patch 103 39) (patch 82 53) (patch 77 72)] [(patch 77 72) (patch 250 72)] [(patch 250 72) (patch 251 73) (patch 251 74) (patch 254 74) (patch 256 3)] [(patch 256 3) (patch 83 3)] [(patch 83 3) (patch 83 23) (patch 85 32)]]]
[]
[[517.9672363248324 144.63042319174926 2 4 171 144] (outside 992) [518 138 2 4 171 137] (train 322) [92 31 0 0 91 30] [101 29 0 0 100 28] [[(patch 518 145) (patch 491 148) (patch 491 151)] [(patch 491 151) (patch 318 151)] [(patch 318 151) (patch 318 136) (patch 313 136) (patch 290 135) (patch 277 134) (patch 276 129) (patch 256 8) (patch 256 3)] [(patch 256 3) (patch 83 3)] [(patch 83 3) (patch 83 23) (patch 101 29)]]]
[]
[[456.9017716764259 95.93048451468168 2 3 110 95] (train 549) [449 96 2 3 102 95] (train 694) [453 115 2 3 106 114] [447 116 2 3 100 115] [[(patch 457 96) (patch 466 93) (patch 471 93) (patch 471 100) (patch 462 101) (patch 447 116)]]]
[]
[[78.32401448997196 42.440788950099595 0 1 77 41] (train 436) [92 41 0 1 91 40] (outside 968) [500 73 2 3 153 72] [505 74 2 3 158 73] [[(patch 78 42) (patch 82 53) (patch 77 72)] [(patch 77 72) (patch 250 72)] [(patch 250 72) (patch 251 73) (patch 251 74) (patch 292 74)] [(patch 292 74) (patch 465 74)] [(patch 465 74) (patch 476 76) (patch 498 76) (patch 505 74)]]]
[]
[[97.22537207343277 31.498883940336373 0 0 96 30] (train 322) [92 31 0 0 91 30] (outside 992) [518 138 2 4 171 137] [518 138 2 4 171 137] [[(patch 97 31) (patch 86 20) (patch 83 6) (patch 83 3)] [(patch 83 3) (patch 256 3)] [(patch 256 3) (patch 256 85) (patch 277 134) (patch 315 142) (patch 323 148) (patch 323 151)] [(patch 323 151) (patch 496 151)] [(patch 496 151) (patch 496 148) (patch 518 138)]]]
[]
[[457.3935229261769 96.67647558866118 2 3 110 96] (train 549) [449 96 2 3 102 95] (outside 968) [500 73 2 3 153 72] [493 72 2 3 146 71] [[(patch 457 97) (patch 493 72)]]]
[]
[[442.22215804534744 112.91532389866258 2 3 95 112] (train 694) [453 115 2 3 106 114] (train 549) [449 96 2 3 102 95] [457 96 2 3 110 95] [[(patch 442 113) (patch 464 100) (patch 471 100) (patch 471 93) (patch 460 93) (patch 457 96)]]]
[]
[[92.73047762140317 41.3224342538104 0 1 92 40] (train 436) [92 41 0 1 91 40] (train 831) [453 125 2 4 106 124] [468 125 2 4 121 124] [[(patch 93 41) (patch 82 53) (patch 77 72)] [(patch 77 72) (patch 250 72)] [(patch 250 72) (patch 251 73) (patch 263 142) (patch 287 144) (patch 289 144) (patch 289 145)] [(patch 289 145) (patch 462 145)] [(patch 462 145) (patch 462 142) (patch 482 142) (patch 482 140) (patch 475 137) (patch 468 125)]]]
[]
[[436.41440842228616 94.50598884924081 2 3 89 94] (train 549) [449 96 2 3 102 95] (train 831) [453 125 2 4 106 124] [465 125 2 4 118 124] [[(patch 436 95) (patch 427 81) (patch 424 74) (patch 424 72) (patch 423 72)] [(patch 423 72) (patch 250 72)] [(patch 250 72) (patch 251 73) (patch 263 142) (patch 287 144) (patch 289 144) (patch 289 145)] [(patch 289 145) (patch 462 145)] [(patch 462 145) (patch 462 142) (patch 482 142) (patch 482 140) (patch 465 125)]]]
[]
[[84.89579590184934 41.6277943346653 0 1 84 41] (train 436) [92 41 0 1 91 40] (train 322) [92 31 0 0 91 30] [83 34 0 0 82 33] [[(patch 85 42) (patch 82 53) (patch 77 72)] [(patch 77 72) (patch 250 72)] [(patch 250 72) (patch 251 73) (patch 251 74) (patch 254 74) (patch 256 3)] [(patch 256 3) (patch 83 3)] [(patch 83 3) (patch 83 23) (patch 83 34)]]]
[]
[[438.83587216911576 122.9824512623776 2 4 92 122] (train 831) [453 125 2 4 106 124] (train 322) [92 31 0 0 91 30] [100 29 0 0 99 28] [[(patch 439 123) (patch 433 130) (patch 392 139) (patch 392 142) (patch 404 145)] [(patch 404 145) (patch 231 145)] [(patch 231 145) (patch 251 142) (patch 254 73) (patch 256 3)] [(patch 256 3) (patch 83 3)] [(patch 83 3) (patch 83 23) (patch 100 29)]]]
[]
[[452.79103785406363 113.03352550464153 2 3 106 112] (train 694) [453 115 2 3 106 114] (outside 992) [518 138 2 4 171 137] [518 133 2 4 171 132] [[(patch 453 113) (patch 475 111) (patch 482 111) (patch 482 109) (patch 464 106)] [(patch 464 106) (patch 291 106)] [(patch 291 106) (patch 275 109) (patch 275 120) (patch 276 129) (patch 277 134) (patch 311 141) (patch 318 148) (patch 318 151)] [(patch 318 151) (patch 491 151)] [(patch 491 151) (patch 491 148) (patch 518 133)]]]
[]
[[459.78106707772946 95.48328165170544 2 3 113 94] (train 549) [449 96 2 3 102 95] (train 694) [453 115 2 3 106 114] [436 116 2 3 89 115] [[(patch 460 95) (patch 466 93) (patch 471 93) (patch 471 100) (patch 449 102) (patch 436 116)]]]
[]
[[438.88128449801144 96.07288383062281 2 3 92 95] (train 549) [449 96 2 3 102 95] (train 831) [453 125 2 4 106 124] [460 124 2 4 113 123] [[(patch 439 96) (patch 427 81) (patch 424 74) (patch 424 72) (patch 423 72)] [(patch 423 72) (patch 250 72)] [(patch 250 72) (patch 251 73) (patch 263 142) (patch 287 144) (patch 289 144) (patch 289 145)] [(patch 289 145) (patch 462 145)] [(patch 462 145) (patch 462 142) (patch 482 142) (patch 482 140) (patch 460 124)]]]
[]
[[467.0983565758655 126.1187281469234 2 4 120 125] (train 831) [453 125 2 4 106 124] (train 549) [449 96 2 3 102 95] [447 97 2 3 100 96] [[(patch 467 126) (patch 482 140) (patch 482 146) (patch 462 146) (patch 462 145)] [(patch 462 145) (patch 289 145)] [(patch 289 145) (patch 289 146) (patch 263 146) (patch 263 133) (patch 275 109) (patch 291 106)] [(patch 291 106) (patch 464 106)] [(patch 464 106) (patch 482 103) (patch 482 101) (patch 471 93) (patch 452 93) (patch 447 97)]]]
[]
[[94.54882120296593 29.814357386855807 0 0 94 29] (train 322) [92 31 0 0 91 30] (train 831) [453 125 2 4 106 124] [464 124 2 4 117 123] [[(patch 95 30) (patch 86 20) (patch 83 6) (patch 83 3)] [(patch 83 3) (patch 256 3)] [(patch 256 3) (patch 257 113) (patch 263 142) (patch 287 144) (patch 289 144) (patch 289 145)] [(patch 289 145) (patch 462 145)] [(patch 462 145) (patch 462 142) (patch 482 142) (patch 482 140) (patch 464 124)]]]
[]
[[89.26045195634066 31.143897292573683 0 0 88 30] (train 322) [92 31 0 0 91 30] (outside 968) [500 73 2 3 153 72] [493 72 2 3 146 71] [[(patch 89 31) (patch 86 20) (patch 83 6) (patch 83 3)] [(patch 83 3) (patch 256 3)] [(patch 256 3) (patch 256 39) (patch 273 67) (patch 276 71) (patch 292 74)] [(patch 292 74) (patch 465 74)] [(patch 465 74) (patch 476 76) (patch 498 76) (patch 493 72)]]]
[]
[[96.10806043748983 41.24695307984866 0 1 95 40] (train 436) [92 41 0 1 91 40] (train 694) [453 115 2 3 106 114] [464 113 2 3 117 112] [[(patch 96 41) (patch 82 53) (patch 77 72)] [(patch 77 72) (patch 423 72)] [(patch 423 72) (patch 424 73) (patch 426 88) (patch 471 93) (patch 471 100) (patch 462 101) (patch 458 107) (patch 464 113)]]]
[]
[[437.1441406027872 113.232488605418 2 3 90 112] (train 694) [453 115 2 3 106 114] (train 436) [92 41 0 1 91 40] [99 42 0 1 98 41] [[(patch 437 113) (patch 462 100) (patch 471 100) (patch 471 93) (patch 427 81) (patch 424 74) (patch 424 73) (patch 423 72)] [(patch 423 72) (patch 77 72)] [(patch 77 72) (patch 82 51) (patch 99 42)]]]
[]
[[459.6158685427361 124.8389884796575 2 4 113 124] (train 831) [453 125 2 4 106 124] (train 436) [92 41 0 1 91 40] [93 43 0 1 92 42] [[(patch 460 125) (patch 482 140) (patch 482 146) (patch 462 146) (patch 462 145)] [(patch 462 145) (patch 289 145)] [(patch 289 145) (patch 289 146) (patch 263 146) (patch 251 74) (patch 251 72) (patch 250 72)] [(patch 250 72) (patch 77 72)] [(patch 77 72) (patch 82 51) (patch 93 43)]]]
[]
[[104.0691536250987 40.135275367872026 0 1 103 39] (train 436) [92 41 0 1 91 40] (train 831) [453 125 2 4 106 124] [450 125 2 4 103 124] [[(patch 104 40) (patch 82 53) (patch 77 72)] [(patch 77 72) (patch 250 72)] [(patch 250 72) (patch 251 73) (patch 263 142) (patch 287 144) (patch 289 144) (patch 289 145)] [(patch 289 145) (patch 462 145)] [(patch 462 145) (patch 462 142) (patch 482 142) (patch 482 140) (patch 450 125)]]]
[]
[[453.3879303502472 96.93994878044674 2 3 106 96] (train 549) [449 96 2 3 102 95] (outside 992) [518 138 2 4 171 137] [518 138 2 4 171 137] [[(patch 453 97) (patch 466 93) (patch 471 93) (patch 482 101) (patch 482 103) (patch 464 106)] [(patch 464 106) (patch 291 106)] [(patch 291 106) (patch 275 109) (patch 275 120) (patch 276 129) (patch 277 134) (patch 291 135) (patch 314 142) (patch 323 148) (patch 323 151)] [(patch 323 151) (patch 496 151)] [(patch 496 151) (patch 496 148) (patch 518 138)]]]
[]
[[442.9154852195511 125.69827851499707 2 4 96 125] (train 831) [453 125 2 4 106 124] (train 694) [453 115 2 3 106 114] [467 113 2 3 120 112] [[(patch 443 126) (patch 392 139) (patch 392 142) (patch 404 145)] [(patch 404 145) (patch 231 145)] [(patch 231 145) (patch 256 142) (patch 275 109) (patch 291 106)] [(patch 291 106) (patch 464 106)] [(patch 464 106) (patch 482 109) (patch 482 111) (patch 455 113) (patch 467 113)]]]
[]
[[452.4259132657485 115.94846571088378 2 3 105 115] (train 694) [453 115 2 3 106 114] (train 436) [92 41 0 1 91 40] [98 39 0 1 97 38] [[(patch 452 116) (patch 462 100) (patch 471 100) (patch 471 93) (patch 427 81) (patch 424 74) (patch 424 73) (patch 423 72)] [(patch 423 72) (patch 77 72)] [(patch 77 72) (patch 82 51) (patch 98 39)]]]
[]
[[463.6835117494888 123.58038336075363 2 4 117 123] (train 831) [453 125 2 4 106 124] (train 322) [92 31 0 0 91 30] [91 33 0 0 90 32] [[(patch 464 124) (patch 482 140) (patch 482 146) (patch 462 146) (patch 462 145)] [(patch 462 145) (patch 289 145)] [(patch 289 145) (patch 289 146) (patch 263 146) (patch 256 7) (patch 256 3)] [(patch 256 3) (patch 83 3)] [(patch 83 3) (patch 83 23) (patch 91 33)]]]
[]
[[437.14271265867166 116.00782111793441 2 3 90 115] (train 694) [453 115 2 3 106 114] (train 322) [92 31 0 0 91 30] [83 31 0 0 82 30] [[(patch 437 116) (patch 462 100) (patch 471 100) (patch 476 84) (patch 476 82) (patch 465 74)] [(patch 465 74) (patch 292 74)] [(patch 292 74) (patch 292 71) (patch 288 71) (patch 282 70) (patch 277 69) (patch 273 67) (patch 267 54) (patch 256 8) (patch 256 3)] [(patch 256 3) (patch 83 3)] [(patch 83 3) (patch 83 23) (patch 83 31)]]]
[]
[[88.1260827784651 42.400370871505686 0 1 87 41] (train 436) [92 41 0 1 91 40] (train 549) [449 96 2 3 102 95] [451 96 2 3 104 95] [[(patch 88 42) (patch 82 53) (patch 77 72)] [(patch 77 72) (patch 423 72)] [(patch 423 72) (patch 424 73) (patch 424 74) (patch 427 81) (patch 451 96)]]]
[]
[[455.68386988586224 113.07854937749494 2 3 109 112] (train 694) [453 115 2 3 106 114] (outside 968) [500 73 2 3 153 72] [495 72 2 3 148 71] [[(patch 456 113) (patch 462 101) (patch 471 100) (patch 495 72)]]]
[]
[[468.23553634115274 114.63783686459301 2 3 121 114] (train 694) [453 115 2 3 106 114] (outside 968) [500 73 2 3 153 72] [502 73 2 3 155 72] [[(patch 468 115) (patch 469 111) (patch 482 111) (patch 502 73)]]]
[]
[[444.8330812210556 124.46847730754033 2 4 98 123] (train 831) [453 125 2 4 106 124] (train 549) [449 96 2 3 102 95] [448 97 2 3 101 96] [[(patch 445 124) (patch 407 136) (patch 392 139) (patch 392 142) (patch 404 145)] [(patch 404 145) (patch 231 145)] [(patch 231 145) (patch 251 142) (patch 251 73) (patch 250 72)] [(patch 250 72) (patch 423 72)] [(patch 423 72) (patch 424 73) (patch 424 74) (patch 427 81) (patch 448 97)]]]
[]
[[89.15766045840735 39.998595118526225 0 1 88 39] (train 436) [92 41 0 1 91 40] (train 831) [453 125 2 4 106 124] [454 125 2 4 107 124] [[(patch 89 40) (patch 82 53) (patch 77 72)] [(patch 77 72) (patch 250 72)] [(patch 250 72) (patch 251 73) (patch 263 142) (patch 287 144) (patch 289 144) (patch 289 145)] [(patch 289 145) (patch 462 145)] [(patch 462 145) (patch 462 142) (patch 482 142) (patch 482 140) (patch 454 125)]]]
[]
[STAIR 0 [113 58 0 1 112 57] [286 58 1 2 112 57]]
[STAIR 0 [48 18 0 0 47 17] [221 18 1 2 47 17]]
[ELEVATOR 8 [77 72 0 1 76 71] [423 72 2 3 76 71]]
[STAIR 0 [51 64 0 1 50 63] [224 64 1 2 50 63]]
[STAIR 0 [292 74 1 2 118 73] [465 74 2 3 118 73]]
[ELEVATOR 4 [323 151 1 2 149 150] [496 151 2 4 149 150]]
[STAIR 0 [232 106 1 2 58 105] [405 106 2 3 58 105]]
[ELEVATOR 4 [83 3 0 0 82 2] [256 3 1 2 82 2]]
[STAIR 0 [291 106 1 2 117 105] [464 106 2 3 117 105]]
[STAIR 0 [231 145 1 2 57 144] [404 145 2 4 57 144]]
[ELEVATOR 4 [77 72 0 1 76 71] [250 72 1 2 76 71]]
[ELEVATOR 4 [250 72 1 2 76 71] [423 72 2 3 76 71]]
[STAIR 0 [289 145 1 2 115 144] [462 145 2 4 115 144]]
[ELEVATOR 4 [318 151 1 2 144 150] [491 151 2 4 144 150]]
[STAIR 0 [109 11 0 0 108 10] [282 11 1 2 108 10]]
[(train 694) POI [453 115 2 3 106 114]]
[(train 549) POI [449 96 2 3 102 95]]
[(train 831) POI [453 125 2 4 106 124]]
[(train 436) POI [92 41 0 1 91 40]]
[(train 322) POI [92 31 0 0 91 30]]
