[3 153 172 6 150 5 10]
[]
[]
[[452.1146963599248 125.34806098890024 2 4 105 124] (train 630) [453 125 2 4 106 124] (train 235) [92 41 0 1 91 40] [93 43 0 1 92 42] [[(patch 452 125) (patch 392 139) (patch 392 142) (patch 404 145)] [(patch 404 145) (patch 231 145)] [(patch 231 145) (patch 251 142) (patch 254 73) (patch 254 69) (patch 253 68) (patch 249 67) (patch 224 64)] [(patch 224 64) (patch 51 64)] [(patch 51 64) (patch 30 60) (patch 30 58) (patch 36 57) (patch 65 55) (patch 93 43)]]]
[]
[[90.36404847964465 31.36792656239931 0 0 89 30] (train 121) [92 31 0 0 91 30] (train 235) [92 41 0 1 91 40] [92 40 0 1 91 39] [[(patch 90 31) (patch 22 28) (patch 22 26) (patch 48 18)] [(patch 48 18) (patch 221 18)] [(patch 221 18) (patch 244 20) (patch 245 25) (patch 247 50) (patch 247 57) (patch 224 64)] [(patch 224 64) (patch 51 64)] [(patch 51 64) (patch 30 60) (patch 30 58) (patch 36 57) (patch 65 55) (patch 92 40)]]]
[]
[[91.59515866659709 41.225824457944306 0 1 91 40] (train 235) [92 41 0 1 91 40] (train 630) [453 125 2 4 106 124] [453 123 2 4 106 122] [[(patch 92 41) (patch 78 46) (patch 30 58) (patch 30 60) (patch 51 64)] [(patch 51 64) (patch 224 64)] [(patch 224 64) (patch 249 67) (patch 253 68) (patch 254 69) (patch 254 122) (patch 251 142) (patch 231 145)] [(patch 231 145) (patch 404 145)] [(patch 404 145) (patch 392 142) (patch 392 139) (patch 453 123)]]]
[]
[[438.4826430913991 123.94158895935736 2 4 91 123] (train 630) [453 125 2 4 106 124] (train 348) [449 96 2 3 102 95] [438 95 2 3 91 94] [[(patch 438 124) (patch 434 129) (patch 392 139) (patch 392 142) (patch 404 145)] [(patch 404 145) (patch 231 145)] [(patch 231 145) (patch 251 142) (patch 271 76) (patch 292 74)] [(patch 292 74) (patch 465 74)] [(patch 465 74) (patch 476 82) (patch 476 84) (patch 438 95)]]]
[]
[[443.444883218666 123.04626280169458 2 4 96 122] (train 630) [453 125 2 4 106 124] (outside 791) [518 138 2 4 171 137] [518 134 2 4 171 133] [[(patch 443 123) (patch 470 127) (patch 518 134)]]]
[]
[[104.72210813336442 30.89985228941124 0 0 104 30] (train 121) [92 31 0 0 91 30] (train 630) [453 125 2 4 106 124] [445 123 2 4 98 122] [[(patch 105 31) (patch 22 28) (patch 22 26) (patch 48 18)] [(patch 48 18) (patch 221 18)] [(patch 221 18) (patch 244 20) (patch 254 69) (patch 254 123) (patch 251 142) (patch 231 145)] [(patch 231 145) (patch 404 145)] [(patch 404 145) (patch 392 142) (patch 392 139) (patch 424 132) (patch 445 123)]]]
[]
[[86.85170906123136 29.77900102002492 0 0 86 29] (train 121) [92 31 0 0 91 30] (outside 767) [500 73 2 3 153 72] [504 73 2 3 157 72] [[(patch 87 30) (patch 22 28) (patch 22 26) (patch 48 18)] [(patch 48 18) (patch 221 18)] [(patch 221 18) (patch 244 20) (patch 273 67) (patch 292 74)] [(patch 292 74) (patch 465 74)] [(patch 465 74) (patch 504 73)]]]
[]
[[457.7504722447472 115.2280898462555 2 3 111 114] (train 493) [453 115 2 3 106 114] (train 121) [92 31 0 0 91 30] [92 32 0 0 91 31] [[(patch 458 115) (patch 462 100) (patch 471 100) (patch 476 84) (patch 476 82) (patch 465 74)] [(patch 465 74) (patch 292 74)] [(patch 292 74) (patch 268 65) (patch 244 20) (patch 221 18)] [(patch 221 18) (patch 48 18)] [(patch 48 18) (patch 22 26) (patch 22 28) (patch 31 28) (patch 92 32)]]]
[]
[[79.03416902440556 43.23550143002336 0 1 78 42] (train 235) [92 41 0 1 91 40] (outside 767) [500 73 2 3 153 72] [498 73 2 3 151 72] [[(patch 79 43) (patch 78 46) (patch 30 58) (patch 30 60) (patch 51 64)] [(patch 51 64) (patch 224 64)] [(patch 224 64) (patch 283 68) (patch 292 74)] [(patch 292 74) (patch 465 74)] [(patch 465 74) (patch 498 73)]]]
[]
[[81.42442834660315 44.25102447471199 0 1 80 43] (train 235) [92 41 0 1 91 40] (train 121) [92 31 0 0 91 30] [84 33 0 0 83 32] [[(patch 81 44) (patch 78 46) (patch 30 58) (patch 30 60) (patch 51 64)] [(patch 51 64) (patch 224 64)] [(patch 224 64) (patch 247 57) (patch 247 44) (patch 245 25) (patch 244 20) (patch 221 18)] [(patch 221 18) (patch 48 18)] [(patch 48 18) (patch 22 26) (patch 22 28) (patch 74 30) (patch 84 33)]]]
[]
[[460.7417757856264 123.42777617288405 2 4 114 122] (train 630) [453 125 2 4 106 124] (train 493) [453 115 2 3 106 114] [443 116 2 3 96 115] [[(patch 461 123) (patch 392 139) (patch 392 142) (patch 404 145)] [(patch 404 145) (patch 231 145)] [(patch 231 145) (patch 251 142) (patch 251 109) (patch 232 106)] [(patch 232 106) (patch 405 106)] [(patch 405 106) (patch 384 109) (patch 384 111) (patch 450 112) (patch 443 116)]]]
[]
[[93.60947872983704 32.31741326288242 0 0 93 31] (train 121) [92 31 0 0 91 30] (outside 767) [500 73 2 3 153 72] [496 72 2 3 149 71] [[(patch 94 32) (patch 24 28) (patch 22 28) (patch 22 26) (patch 48 18)] [(patch 48 18) (patch 221 18)] [(patch 221 18) (patch 244 20) (patch 273 67) (patch 292 74)] [(patch 292 74) (patch 465 74)] [(patch 465 74) (patch 490 73) (patch 496 72)]]]
[]
[[439.8041129408126 114.98628126777038 2 3 93 114] (train 493) [453 115 2 3 106 114] (train 348) [449 96 2 3 102 95] [461 94 2 3 114 93] [[(patch 440 115) (patch 464 100) (patch 471 100) (patch 471 93) (patch 461 93) (patch 461 94)]]]
[]
[[96.82240058933019 40.661022338124745 0 1 96 40] (train 235) [92 41 0 1 91 40] (train 348) [449 96 2 3 102 95] [451 94 2 3 104 93] [[(patch 97 41) (patch 78 46) (patch 30 58) (patch 30 60) (patch 51 64)] [(patch 51 64) (patch 224 64)] [(patch 224 64) (patch 283 68) (patch 292 74)] [(patch 292 74) (patch 465 74)] [(patch 465 74) (patch 476 82) (patch 476 84) (patch 451 94)]]]
[]
[[88.90127967555749 31.667196283636873 0 0 88 31] (train 121) [92 31 0 0 91 30] (train 630) [453 125 2 4 106 124] [457 126 2 4 110 125] [[(patch 89 32) (patch 53 29) (patch 22 28) (patch 22 26) (patch 48 18)] [(patch 48 18) (patch 221 18)] [(patch 221 18) (patch 244 20) (patch 254 69) (patch 254 123) (patch 251 142) (patch 231 145)] [(patch 231 145) (patch 404 145)] [(patch 404 145) (patch 392 142) (patch 392 139) (patch 457 126)]]]
[]
[[85.19732502860765 41.54766347430107 0 1 84 41] (train 235) [92 41 0 1 91 40] (outside 767) [500 73 2 3 153 72] [500 73 2 3 153 72] [[(patch 85 42) (patch 78 46) (patch 30 58) (patch 30 60) (patch 51 64)] [(patch 51 64) (patch 224 64)] [(patch 224 64) (patch 283 68) (patch 292 74)] [(patch 292 74) (patch 465 74)] [(patch 465 74) (patch 500 73)]]]
[]
[[467.7855040700295 113.34576053962785 2 3 121 112] (train 493) [453 115 2 3 106 114] (outside 791) [518 138 2 4 171 137] [518 143 2 4 171 142] [[(patch 468 113) (patch 457 109) (patch 462 100) (patch 471 100) (patch 476 84) (patch 476 82) (patch 465 74)] [(patch 465 74) (patch 292 74)] [(patch 292 74) (patch 271 76) (patch 251 142) (patch 231 145)] [(patch 231 145) (patch 404 145)] [(patch 404 145) (patch 392 142) (patch 392 139) (patch 457 138) (patch 518 143)]]]
[]
[[86.24574296942708 30.764843390796617 0 0 85 30] (train 121) [92 31 0 0 91 30] (outside 767) [500 73 2 3 153 72] [499 73 2 3 152 72] [[(patch 86 31) (patch 22 28) (patch 22 26) (patch 48 18)] [(patch 48 18) (patch 221 18)] [(patch 221 18) (patch 244 20) (patch 273 67) (patch 292 74)] [(patch 292 74) (patch 465 74)] [(patch 465 74) (patch 499 73)]]]
[]
[[445.4610399643195 113.20694333321765 2 3 98 112] (train 493) [453 115 2 3 106 114] (outside 767) [500 73 2 3 153 72] [510 74 2 3 163 73] [[(patch 445 113) (patch 482 111) (patch 510 74)]]]
[]
[[92.6606844168464 41.81156060549325 0 1 92 41] (train 235) [92 41 0 1 91 40] (train 493) [453 115 2 3 106 114] [462 113 2 3 115 112] [[(patch 93 42) (patch 78 46) (patch 30 58) (patch 30 60) (patch 51 64)] [(patch 51 64) (patch 224 64)] [(patch 224 64) (patch 283 68) (patch 292 74)] [(patch 292 74) (patch 465 74)] [(patch 465 74) (patch 476 82) (patch 476 93) (patch 471 100) (patch 462 101) (patch 462 113)]]]
[]
[[438.56448918431784 96.72593989406207 2 3 92 96] (train 348) [449 96 2 3 102 95] (outside 767) [500 73 2 3 153 72] [504 73 2 3 157 72] [[(patch 439 97) (patch 467 93) (patch 504 73)]]]
[]
[[444.8384581462221 123.02452956006611 2 4 98 122] (train 630) [453 125 2 4 106 124] (train 493) [453 115 2 3 106 114] [460 114 2 3 113 113] [[(patch 445 123) (patch 424 132) (patch 392 139) (patch 392 142) (patch 404 145)] [(patch 404 145) (patch 231 145)] [(patch 231 145) (patch 251 142) (patch 271 76) (patch 292 74)] [(patch 292 74) (patch 465 74)] [(patch 465 74) (patch 476 82) (patch 476 93) (patch 471 100) (patch 462 101) (patch 460 114)]]]
[]
[[463.839381450882 96.97991965873064 2 3 117 96] (train 348) [449 96 2 3 102 95] (train 235) [92 41 0 1 91 40] [83 44 0 1 82 43] [[(patch 464 97) (patch 469 87) (patch 476 84) (patch 476 82) (patch 465 74)] [(patch 465 74) (patch 292 74)] [(patch 292 74) (patch 249 67) (patch 224 64)] [(patch 224 64) (patch 51 64)] [(patch 51 64) (patch 30 60) (patch 30 58) (patch 36 57) (patch 65 55) (patch 83 44)]]]
[]
[[438.9381804455729 95.33867142573914 2 3 92 94] (train 348) [449 96 2 3 102 95] (outside 767) [500 73 2 3 153 72] [496 72 2 3 149 71] [[(patch 439 95) (patch 467 93) (patch 496 72)]]]
[]
[[452.3108237033933 114.41276532966536 2 3 105 113] (train 493) [453 115 2 3 106 114] (train 121) [92 31 0 0 91 30] [82 31 0 0 81 30] [[(patch 452 114) (patch 462 100) (patch 471 100) (patch 476 84) (patch 476 82) (patch 465 74)] [(patch 465 74) (patch 292 74)] [(patch 292 74) (patch 268 65) (patch 244 20) (patch 221 18)] [(patch 221 18) (patch 48 18)] [(patch 48 18) (patch 22 26) (patch 22 28) (patch 82 31)]]]
[]
[[82.62782891053243 42.11759330717758 0 1 82 41] (train 235) [92 41 0 1 91 40] (train 348) [449 96 2 3 102 95] [451 94 2 3 104 93] [[(patch 83 42) (patch 78 46) (patch 30 58) (patch 30 60) (patch 51 64)] [(patch 51 64) (patch 224 64)] [(patch 224 64) (patch 283 68) (patch 292 74)] [(patch 292 74) (patch 465 74)] [(patch 465 74) (patch 476 82) (patch 476 84) (patch 451 94)]]]
[]
[[490.6395928297784 72.481769163793 2 3 144 71] (outside 767) [500 73 2 3 153 72] (train 235) [92 41 0 1 91 40] [78 43 0 1 77 42] [[(patch 491 72) (patch 490 73) (patch 465 74)] [(patch 465 74) (patch 292 74)] [(patch 292 74) (patch 249 67) (patch 224 64)] [(patch 224 64) (patch 51 64)] [(patch 51 64) (patch 30 60) (patch 30 58) (patch 36 57) (patch 65 55) (patch 78 49) (patch 78 43)]]]
[]
[[86.58866158123361 31.09355053099133 0 0 86 30] (train 121) [92 31 0 0 91 30] (outside 791) [518 138 2 4 171 137] [518 141 2 4 171 140] [[(patch 87 31) (patch 22 28) (patch 22 26) (patch 48 18)] [(patch 48 18) (patch 221 18)] [(patch 221 18) (patch 244 20) (patch 254 69) (patch 254 123) (patch 251 142) (patch 231 145)] [(patch 231 145) (patch 404 145)] [(patch 404 145) (patch 392 142) (patch 392 139) (patch 441 139) (patch 518 141)]]]
[]
[[461.65381291343635 114.4178062873842 2 3 115 113] (train 493) [453 115 2 3 106 114] (train 235) [92 41 0 1 91 40] [87 43 0 1 86 42] [[(patch 462 114) (patch 462 100) (patch 471 100) (patch 476 84) (patch 476 82) (patch 465 74)] [(patch 465 74) (patch 292 74)] [(patch 292 74) (patch 249 67) (patch 224 64)] [(patch 224 64) (patch 51 64)] [(patch 51 64) (patch 30 60) (patch 30 58) (patch 36 57) (patch 65 55) (patch 87 43)]]]
[]
[[451.93849904699556 96.59403442228844 2 3 105 96] (train 348) [449 96 2 3 102 95] (outside 767) [500 73 2 3 153 72] [496 73 2 3 149 72] [[(patch 452 97) (patch 496 73)]]]
[]
[[456.3049204659277 125.22957666888603 2 4 109 124] (train 630) [453 125 2 4 106 124] (train 348) [449 96 2 3 102 95] [439 97 2 3 92 96] [[(patch 456 125) (patch 392 139) (patch 392 142) (patch 404 145)] [(patch 404 145) (patch 231 145)] [(patch 231 145) (patch 251 142) (patch 271 76) (patch 292 74)] [(patch 292 74) (patch 465 74)] [(patch 465 74) (patch 476 82) (patch 476 84) (patch 439 97)]]]
[]
[[98.37753618442342 39.92836864640155 0 1 97 39] (train 235) [92 41 0 1 91 40] (train 493) [453 115 2 3 106 114] [452 115 2 3 105 114] [[(patch 98 40) (patch 78 46) (patch 30 58) (patch 30 60) (patch 51 64)] [(patch 51 64) (patch 224 64)] [(patch 224 64) (patch 283 68) (patch 292 74)] [(patch 292 74) (patch 465 74)] [(patch 465 74) (patch 476 82) (patch 476 93) (patch 471 100) (patch 462 101) (patch 452 115)]]]
[]
[[451.20693114480764 115.48416059825705 2 3 104 114] (train 493) [453 115 2 3 106 114] (train 235) [92 41 0 1 91 40] [86 41 0 1 85 40] [[(patch 451 115) (patch 462 100) (patch 471 100) (patch 476 84) (patch 476 82) (patch 465 74)] [(patch 465 74) (patch 292 74)] [(patch 292 74) (patch 249 67) (patch 224 64)] [(patch 224 64) (patch 51 64)] [(patch 51 64) (patch 30 60) (patch 30 58) (patch 36 57) (patch 65 55) (patch 86 41)]]]
[]
[[95.12754306161222 42.05748511473031 0 1 94 41] (train 235) [92 41 0 1 91 40] (outside 767) [500 73 2 3 153 72] [505 74 2 3 158 73] [[(patch 95 42) (patch 78 46) (patch 30 58) (patch 30 60) (patch 51 64)] [(patch 51 64) (patch 224 64)] [(patch 224 64) (patch 283 68) (patch 292 74)] [(patch 292 74) (patch 465 74)] [(patch 465 74) (patch 505 74)]]]
[]
[[78.35231728135571 32.945832774780555 0 0 77 32] (train 121) [92 31 0 0 91 30] (outside 767) [500 73 2 3 153 72] [497 73 2 3 150 72] [[(patch 78 33) (patch 78 30) (patch 22 28) (patch 22 26) (patch 48 18)] [(patch 48 18) (patch 221 18)] [(patch 221 18) (patch 244 20) (patch 273 67) (patch 292 74)] [(patch 292 74) (patch 465 74)] [(patch 465 74) (patch 497 73)]]]
[]
[[460.38305772978237 116.02012086331807 2 3 113 115] (train 493) [453 115 2 3 106 114] (train 235) [92 41 0 1 91 40] [91 43 0 1 90 42] [[(patch 460 116) (patch 462 100) (patch 471 100) (patch 476 84) (patch 476 82) (patch 465 74)] [(patch 465 74) (patch 292 74)] [(patch 292 74) (patch 249 67) (patch 224 64)] [(patch 224 64) (patch 51 64)] [(patch 51 64) (patch 30 60) (patch 30 58) (patch 36 57) (patch 65 55) (patch 91 43)]]]
[]
[[463.0355193395311 112.96489936376508 2 3 116 112] (train 493) [453 115 2 3 106 114] (train 235) [92 41 0 1 91 40] [91 42 0 1 90 41] [[(patch 463 113) (patch 459 104) (patch 462 100) (patch 471 100) (patch 476 84) (patch 476 82) (patch 465 74)] [(patch 465 74) (patch 292 74)] [(patch 292 74) (patch 249 67) (patch 224 64)] [(patch 224 64) (patch 51 64)] [(patch 51 64) (patch 30 60) (patch 30 58) (patch 36 57) (patch 65 55) (patch 91 42)]]]
[]
[[466.638358653899 126.1194427009453 2 4 120 125] (train 630) [453 125 2 4 106 124] (train 493) [453 115 2 3 106 114] [448 113 2 3 101 112] [[(patch 467 126) (patch 392 139) (patch 392 142) (patch 404 145)] [(patch 404 145) (patch 231 145)] [(patch 231 145) (patch 251 142) (patch 251 109) (patch 232 106)] [(patch 232 106) (patch 405 106)] [(patch 405 106) (patch 384 109) (patch 384 111) (patch 450 112) (patch 448 113)]]]
[]
[[461.2920443709367 96.90359795114618 2 3 114 96] (train 348) [449 96 2 3 102 95] (train 493) [453 115 2 3 106 114] [436 115 2 3 89 114] [[(patch 461 97) (patch 466 93) (patch 471 93) (patch 471 100) (patch 448 102) (patch 436 115)]]]
[]
[[448.0030083672813 122.99681089955229 2 4 101 122] (train 630) [453 125 2 4 106 124] (outside 791) [518 138 2 4 171 137] [518 137 2 4 171 136] [[(patch 448 123) (patch 518 137)]]]
[]
[[491.8951004252636 72.1865625346697 2 3 145 71] (outside 767) [500 73 2 3 153 72] (outside 791) [518 138 2 4 171 137] [518 145 2 4 171 144] [[(patch 492 72) (patch 490 73) (patch 465 74)] [(patch 465 74) (patch 292 74)] [(patch 292 74) (patch 271 76) (patch 251 142) (patch 231 145)] [(patch 231 145) (patch 404 145)] [(patch 404 145) (patch 392 142) (patch 392 139) (patch 467 138) (patch 518 145)]]]
[]
[[94.9891490946896 40.38998271201091 0 1 94 39] (train 235) [92 41 0 1 91 40] (train 493) [453 115 2 3 106 114] [438 113 2 3 91 112] [[(patch 95 40) (patch 78 46) (patch 30 58) (patch 30 60) (patch 51 64)] [(patch 51 64) (patch 224 64)] [(patch 224 64) (patch 283 68) (patch 292 74)] [(patch 292 74) (patch 465 74)] [(patch 465 74) (patch 476 82) (patch 476 93) (patch 471 100) (patch 462 101) (patch 438 113)]]]
[]
[[442.26635251546634 94.75477710197903 2 3 95 94] (train 348) [449 96 2 3 102 95] (train 235) [92 41 0 1 91 40] [84 42 0 1 83 41] [[(patch 442 95) (patch 476 84) (patch 476 82) (patch 465 74)] [(patch 465 74) (patch 292 74)] [(patch 292 74) (patch 249 67) (patch 224 64)] [(patch 224 64) (patch 51 64)] [(patch 51 64) (patch 30 60) (patch 30 58) (patch 36 57) (patch 65 55) (patch 84 42)]]]
[]
[[90.77351380162216 32.42086781599535 0 0 90 31] (train 121) [92 31 0 0 91 30] (train 630) [453 125 2 4 106 124] [449 124 2 4 102 123] [[(patch 91 32) (patch 33 28) (patch 22 28) (patch 22 26) (patch 48 18)] [(patch 48 18) (patch 221 18)] [(patch 221 18) (patch 244 20) (patch 254 69) (patch 254 123) (patch 251 142) (patch 231 145)] [(patch 231 145) (patch 404 145)] [(patch 404 145) (patch 392 142) (patch 392 139) (patch 449 124)]]]
[]
[[85.5694909163445 42.169327956944635 0 1 85 41] (train 235) [92 41 0 1 91 40] (train 348) [449 96 2 3 102 95] [457 95 2 3 110 94] [[(patch 86 42) (patch 78 46) (patch 30 58) (patch 30 60) (patch 51 64)] [(patch 51 64) (patch 224 64)] [(patch 224 64) (patch 283 68) (patch 292 74)] [(patch 292 74) (patch 465 74)] [(patch 465 74) (patch 476 82) (patch 476 84) (patch 457 95)]]]
[]
[[468.7545776903914 115.77441674945928 2 3 122 115] (train 493) [453 115 2 3 106 114] (train 348) [449 96 2 3 102 95] [441 97 2 3 94 96] [[(patch 469 116) (patch 462 111) (patch 462 100) (patch 471 100) (patch 471 93) (patch 444 93) (patch 441 97)]]]
[]
[[99.66513694964075 41.8412558796681 0 1 99 41] (train 235) [92 41 0 1 91 40] (train 493) [453 115 2 3 106 114] [462 113 2 3 115 112] [[(patch 100 42) (patch 78 46) (patch 30 58) (patch 30 60) (patch 51 64)] [(patch 51 64) (patch 224 64)] [(patch 224 64) (patch 283 68) (patch 292 74)] [(patch 292 74) (patch 465 74)] [(patch 465 74) (patch 476 82) (patch 476 93) (patch 471 100) (patch 462 101) (patch 462 113)]]]
[]
[[437.8935146640102 115.28738977120298 2 3 91 114] (train 493) [453 115 2 3 106 114] (outside 767) [500 73 2 3 153 72] [501 73 2 3 154 72] [[(patch 438 115) (patch 462 101) (patch 474 100) (patch 501 73)]]]
[]
[[466.3294516503273 113.59793225304269 2 3 119 113] (train 493) [453 115 2 3 106 114] (train 348) [449 96 2 3 102 95] [448 94 2 3 101 93] [[(patch 466 114) (patch 462 111) (patch 462 100) (patch 471 100) (patch 471 93) (patch 449 93) (patch 448 94)]]]
[]
[[94.09157198619623 29.572557934331392 0 0 93 29] (train 121) [92 31 0 0 91 30] (train 630) [453 125 2 4 106 124] [442 123 2 4 95 122] [[(patch 94 30) (patch 22 28) (patch 22 26) (patch 48 18)] [(patch 48 18) (patch 221 18)] [(patch 221 18) (patch 244 20) (patch 254 69) (patch 254 123) (patch 251 142) (patch 231 145)] [(patch 231 145) (patch 404 145)] [(patch 404 145) (patch 392 142) (patch 392 139) (patch 429 131) (patch 442 123)]]]
[]
[[461.30370766372255 115.29497265208313 2 3 114 114] (train 493) [453 115 2 3 106 114] (train 348) [449 96 2 3 102 95] [455 95 2 3 108 94] [[(patch 461 115) (patch 462 100) (patch 471 100) (patch 471 93) (patch 456 93) (patch 455 95)]]]
[]
[[494.0489683040661 72.46217652368097 2 3 147 71] (outside 767) [500 73 2 3 153 72] (train 121) [92 31 0 0 91 30] [100 31 0 0 99 30] [[(patch 494 72) (patch 490 73) (patch 465 74)] [(patch 465 74) (patch 292 74)] [(patch 292 74) (patch 268 65) (patch 244 20) (patch 221 18)] [(patch 221 18) (patch 48 18)] [(patch 48 18) (patch 22 26) (patch 22 28) (patch 100 31)]]]
[]
[[104.62345578457115 29.016583872768784 0 0 104 28] (train 121) [92 31 0 0 91 30] (outside 791) [518 138 2 4 171 137] [518 141 2 4 171 140] [[(patch 105 29) (patch 22 28) (patch 22 26) (patch 48 18)] [(patch 48 18) (patch 221 18)] [(patch 221 18) (patch 244 20) (patch 254 69) (patch 254 123) (patch 251 142) (patch 231 145)] [(patch 231 145) (patch 404 145)] [(patch 404 145) (patch 392 142) (patch 392 139) (patch 441 139) (patch 518 141)]]]
[]
[[447.3787587403633 125.28127234993548 2 4 100 124] (train 630) [453 125 2 4 106 124] (train 235) [92 41 0 1 91 40] [103 42 0 1 102 41] [[(patch 447 125) (patch 392 139) (patch 392 142) (patch 404 145)] [(patch 404 145) (patch 231 145)] [(patch 231 145) (patch 251 142) (patch 254 73) (patch 254 69) (patch 253 68) (patch 249 67) (patch 224 64)] [(patch 224 64) (patch 51 64)] [(patch 51 64) (patch 30 60) (patch 30 58) (patch 36 57) (patch 65 55) (patch 103 42)]]]
[]
[[464.84524748991043 115.5631175170234 2 3 118 115] (train 493) [453 115 2 3 106 114] (outside 791) [518 138 2 4 171 137] [518 133 2 4 171 132] [[(patch 465 116) (patch 459 105) (patch 462 100) (patch 471 100) (patch 476 84) (patch 476 82) (patch 465 74)] [(patch 465 74) (patch 292 74)] [(patch 292 74) (patch 271 76) (patch 251 142) (patch 231 145)] [(patch 231 145) (patch 404 145)] [(patch 404 145) (patch 392 142) (patch 392 139) (patch 518 133)]]]
[]
[[458.26014072474607 115.10830980529657 2 3 111 114] (train 493) [453 115 2 3 106 114] (outside 791) [518 138 2 4 171 137] [518 140 2 4 171 139] [[(patch 458 115) (patch 462 100) (patch 471 100) (patch 476 84) (patch 476 82) (patch 465 74)] [(patch 465 74) (patch 292 74)] [(patch 292 74) (patch 271 76) (patch 251 142) (patch 231 145)] [(patch 231 145) (patch 404 145)] [(patch 404 145) (patch 392 142) (patch 392 139) (patch 434 139) (patch 518 140)]]]
[]
[[456.45944315944763 96.57746372568258 2 3 109 96] (train 348) [449 96 2 3 102 95] (train 235) [92 41 0 1 91 40] [82 41 0 1 81 40] [[(patch 456 97) (patch 476 84) (patch 476 82) (patch 465 74)] [(patch 465 74) (patch 292 74)] [(patch 292 74) (patch 249 67) (patch 224 64)] [(patch 224 64) (patch 51 64)] [(patch 51 64) (patch 30 60) (patch 30 58) (patch 36 57) (patch 65 55) (patch 74 51) (patch 82 41)]]]
[]
[[440.0573556491638 124.46272805299883 2 4 93 123] (train 630) [453 125 2 4 106 124] (train 235) [92 41 0 1 91 40] [104 41 0 1 103 40] [[(patch 440 124) (patch 431 130) (patch 392 139) (patch 392 142) (patch 404 145)] [(patch 404 145) (patch 231 145)] [(patch 231 145) (patch 251 142) (patch 254 73) (patch 254 69) (patch 253 68) (patch 249 67) (patch 224 64)] [(patch 224 64) (patch 51 64)] [(patch 51 64) (patch 30 60) (patch 30 58) (patch 36 57) (patch 65 55) (patch 104 41)]]]
[]
[[454.40371984830693 115.27477225388239 2 3 107 114] (train 493) [453 115 2 3 106 114] (train 348) [449 96 2 3 102 95] [439 95 2 3 92 94] [[(patch 454 115) (patch 462 100) (patch 471 100) (patch 471 93) (patch 441 93) (patch 439 95)]]]
[]
[[454.43315767714313 125.19620640714672 2 4 107 124] (train 630) [453 125 2 4 106 124] (train 493) [453 115 2 3 106 114] [442 115 2 3 95 114] [[(patch 454 125) (patch 392 139) (patch 392 142) (patch 404 145)] [(patch 404 145) (patch 231 145)] [(patch 231 145) (patch 251 142) (patch 251 109) (patch 232 106)] [(patch 232 106) (patch 405 106)] [(patch 405 106) (patch 384 109) (patch 384 111) (patch 450 112) (patch 442 115)]]]
[]
[[87.17319698433667 30.908631866619537 0 0 86 30] (train 121) [92 31 0 0 91 30] (train 348) [449 96 2 3 102 95] [442 97 2 3 95 96] [[(patch 87 31) (patch 22 28) (patch 22 26) (patch 48 18)] [(patch 48 18) (patch 221 18)] [(patch 221 18) (patch 244 20) (patch 273 67) (patch 292 74)] [(patch 292 74) (patch 465 74)] [(patch 465 74) (patch 476 82) (patch 476 84) (patch 442 97)]]]
[]
[[448.83491253420164 124.13955528749165 2 4 102 123] (train 630) [453 125 2 4 106 124] (outside 791) [518 138 2 4 171 137] [518 136 2 4 171 135] [[(patch 449 124) (patch 518 136)]]]
[]
[[440.41667301913037 94.54840550752857 2 3 93 94] (train 348) [449 96 2 3 102 95] (outside 767) [500 73 2 3 153 72] [506 74 2 3 159 73] [[(patch 440 95) (patch 467 93) (patch 506 74)]]]
[]
[[446.06130964626374 126.43001239069167 2 4 99 125] (train 630) [453 125 2 4 106 124] (train 493) [453 115 2 3 106 114] [469 115 2 3 122 114] [[(patch 446 126) (patch 392 139) (patch 392 142) (patch 404 145)] [(patch 404 145) (patch 231 145)] [(patch 231 145) (patch 251 142) (patch 271 76) (patch 292 74)] [(patch 292 74) (patch 465 74)] [(patch 465 74) (patch 476 82) (patch 476 93) (patch 471 100) (patch 462 101) (patch 457 108) (patch 469 115)]]]
[]
[[441.0633790091318 123.58856015518563 2 4 94 123] (train 630) [453 125 2 4 106 124] (train 348) [449 96 2 3 102 95] [457 97 2 3 110 96] [[(patch 441 124) (patch 428 131) (patch 392 139) (patch 392 142) (patch 404 145)] [(patch 404 145) (patch 231 145)] [(patch 231 145) (patch 251 142) (patch 271 76) (patch 292 74)] [(patch 292 74) (patch 465 74)] [(patch 465 74) (patch 476 82) (patch 476 84) (patch 457 97)]]]
[]
[[465.7738899466595 114.87803763074585 2 3 119 114] (train 493) [453 115 2 3 106 114] (train 348) [449 96 2 3 102 95] [457 94 2 3 110 93] [[(patch 466 115) (patch 462 111) (patch 462 100) (patch 471 100) (patch 471 93) (patch 457 93) (patch 457 94)]]]
[]
[[439.2656063647798 95.95905795471332 2 3 92 95] (train 348) [449 96 2 3 102 95] (train 493) [453 115 2 3 106 114] [449 114 2 3 102 113] [[(patch 439 96) (patch 467 93) (patch 471 93) (patch 471 100) (patch 462 101) (patch 449 114)]]]
[]
[[98.61541488293332 30.03949612205147 0 0 98 29] (train 121) [92 31 0 0 91 30] (train 235) [92 41 0 1 91 40] [96 40 0 1 95 39] [[(patch 99 30) (patch 22 28) (patch 22 26) (patch 48 18)] [(patch 48 18) (patch 221 18)] [(patch 221 18) (patch 244 20) (patch 245 25) (patch 247 50) (patch 247 57) (patch 224 64)] [(patch 224 64) (patch 51 64)] [(patch 51 64) (patch 30 60) (patch 30 58) (patch 36 57) (patch 65 55) (patch 96 40)]]]
[]
[[430.99157719446674 94.84158842731966 2 3 84 94] (train 348) [449 96 2 3 102 95] (outside 767) [500 73 2 3 153 72] [494 72 2 3 147 71] [[(patch 431 95) (patch 467 93) (patch 494 72)]]]
[]
[[446.65050867774397 125.40500942940581 2 4 100 124] (train 630) [453 125 2 4 106 124] (train 235) [92 41 0 1 91 40] [89 40 0 1 88 39] [[(patch 447 125) (patch 392 139) (patch 392 142) (patch 404 145)] [(patch 404 145) (patch 231 145)] [(patch 231 145) (patch 251 142) (patch 254 73) (patch 254 69) (patch 253 68) (patch 249 67) (patch 224 64)] [(patch 224 64) (patch 51 64)] [(patch 51 64) (patch 30 60) (patch 30 58) (patch 36 57) (patch 65 55) (patch 89 40)]]]
[]
[[450.0502458773098 114.05000456787991 2 3 103 113] (train 493) [453 115 2 3 106 114] (outside 791) [518 138 2 4 171 137] [518 139 2 4 171 138] [[(patch 450 114) (patch 436 112) (patch 384 111) (patch 384 109) (patch 405 106)] [(patch 405 106) (patch 232 106)] [(patch 232 106) (patch 251 109) (patch 251 142) (patch 231 145)] [(patch 231 145) (patch 404 145)] [(patch 404 145) (patch 392 142) (patch 392 139) (patch 518 139)]]]
[]
[[87.05701690512835 41.086643241374176 0 1 86 40] (train 235) [92 41 0 1 91 40] (outside 767) [500 73 2 3 153 72] [494 72 2 3 147 71] [[(patch 87 41) (patch 78 46) (patch 30 58) (patch 30 60) (patch 51 64)] [(patch 51 64) (patch 224 64)] [(patch 224 64) (patch 283 68) (patch 292 74)] [(patch 292 74) (patch 465 74)] [(patch 465 74) (patch 490 73) (patch 494 72)]]]
[]
[[436.76888185764096 124.90396235068854 2 4 90 124] (train 630) [453 125 2 4 106 124] (outside 767) [500 73 2 3 153 72] [503 73 2 3 156 72] [[(patch 437 125) (patch 435 129) (patch 392 139) (patch 392 142) (patch 404 145)] [(patch 404 145) (patch 231 145)] [(patch 231 145) (patch 251 142) (patch 271 76) (patch 292 74)] [(patch 292 74) (patch 465 74)] [(patch 465 74) (patch 503 73)]]]
[]
[[447.25635617654683 123.21010344494324 2 4 100 122] (train 630) [453 125 2 4 106 124] (train 235) [92 41 0 1 91 40] [92 40 0 1 91 39] [[(patch 447 123) (patch 412 135) (patch 392 139) (patch 392 142) (patch 404 145)] [(patch 404 145) (patch 231 145)] [(patch 231 145) (patch 251 142) (patch 254 73) (patch 254 69) (patch 253 68) (patch 249 67) (patch 224 64)] [(patch 224 64) (patch 51 64)] [(patch 51 64) (patch 30 60) (patch 30 58) (patch 36 57) (patch 65 55) (patch 92 40)]]]
[]
[[433.31065126718056 93.76446348314275 2 3 86 93] (train 348) [449 96 2 3 102 95] (train 630) [453 125 2 4 106 124] [442 125 2 4 95 124] [[(patch 433 94) (patch 476 84) (patch 476 82) (patch 465 74)] [(patch 465 74) (patch 292 74)] [(patch 292 74) (patch 271 76) (patch 251 142) (patch 231 145)] [(patch 231 145) (patch 404 145)] [(patch 404 145) (patch 392 142) (patch 392 139) (patch 394 139) (patch 442 125)]]]
[]
[[462.046585614502 113.94921232471992 2 3 115 113] (train 493) [453 115 2 3 106 114] (outside 791) [518 138 2 4 171 137] [518 141 2 4 171 140] [[(patch 462 114) (patch 462 100) (patch 471 100) (patch 476 84) (patch 476 82) (patch 465 74)] [(patch 465 74) (patch 292 74)] [(patch 292 74) (patch 271 76) (patch 251 142) (patch 231 145)] [(patch 231 145) (patch 404 145)] [(patch 404 145) (patch 392 142) (patch 392 139) (patch 441 139) (patch 518 141)]]]
[]
[[87.24759018684793 41.888717430685496 0 1 86 41] (train 235) [92 41 0 1 91 40] (train 493) [453 115 2 3 106 114] [444 113 2 3 97 112] [[(patch 87 42) (patch 78 46) (patch 30 58) (patch 30 60) (patch 51 64)] [(patch 51 64) (patch 224 64)] [(patch 224 64) (patch 283 68) (patch 292 74)] [(patch 292 74) (patch 465 74)] [(patch 465 74) (patch 476 82) (patch 476 93) (patch 471 100) (patch 462 101) (patch 444 113)]]]
[]
[[97.17998331690173 40.455445581984115 0 1 96 39] (train 235) [92 41 0 1 91 40] (train 348) [449 96 2 3 102 95] [437 96 2 3 90 95] [[(patch 97 40) (patch 78 46) (patch 30 58) (patch 30 60) (patch 51 64)] [(patch 51 64) (patch 224 64)] [(patch 224 64) (patch 283 68) (patch 292 74)] [(patch 292 74) (patch 465 74)] [(patch 465 74) (patch 476 82) (patch 476 84) (patch 437 96)]]]
[]
[[100.71424913468019 31.67668491800392 0 0 100 31] (train 121) [92 31 0 0 91 30] (train 630) [453 125 2 4 106 124] [436 125 2 4 89 124] [[(patch 101 32) (patch 22 28) (patch 22 26) (patch 48 18)] [(patch 48 18) (patch 221 18)] [(patch 221 18) (patch 244 20) (patch 254 69) (patch 254 123) (patch 251 142) (patch 231 145)] [(patch 231 145) (patch 404 145)] [(patch 404 145) (patch 392 142) (patch 392 139) (patch 436 129) (patch 436 125)]]]
[]
[[439.94032922142566 95.39150780994598 2 3 93 94] (train 348) [449 96 2 3 102 95] (outside 767) [500 73 2 3 153 72] [505 73 2 3 158 72] [[(patch 440 95) (patch 467 93) (patch 505 73)]]]
[]
[[445.8887423758256 124.70260456438535 2 4 99 124] (train 630) [453 125 2 4 106 124] (train 121) [92 31 0 0 91 30] [81 34 0 0 80 33] [[(patch 446 125) (patch 392 139) (patch 392 142) (patch 404 145)] [(patch 404 145) (patch 231 145)] [(patch 231 145) (patch 251 142) (patch 254 73) (patch 254 51) (patch 244 20) (patch 221 18)] [(patch 221 18) (patch 48 18)] [(patch 48 18) (patch 22 26) (patch 22 28) (patch 77 30) (patch 81 34)]]]
[]
[[439.47550679481753 126.47781240069945 2 4 92 125] (train 630) [453 125 2 4 106 124] (train 235) [92 41 0 1 91 40] [101 40 0 1 100 39] [[(patch 439 126) (patch 392 139) (patch 392 142) (patch 404 145)] [(patch 404 145) (patch 231 145)] [(patch 231 145) (patch 251 142) (patch 254 73) (patch 254 69) (patch 253 68) (patch 249 67) (patch 224 64)] [(patch 224 64) (patch 51 64)] [(patch 51 64) (patch 30 60) (patch 30 58) (patch 36 57) (patch 65 55) (patch 101 40)]]]
[]
[[85.83487608229152 43.96460939637992 0 1 85 43] (train 235) [92 41 0 1 91 40] (outside 767) [500 73 2 3 153 72] [497 73 2 3 150 72] [[(patch 86 44) (patch 78 46) (patch 30 58) (patch 30 60) (patch 51 64)] [(patch 51 64) (patch 224 64)] [(patch 224 64) (patch 283 68) (patch 292 74)] [(patch 292 74) (patch 465 74)] [(patch 465 74) (patch 497 73)]]]
[]
[[517.6976883973518 141.84991665669097 2 4 171 141] (outside 791) [518 138 2 4 171 137] (train 630) [453 125 2 4 106 124] [453 123 2 4 106 122] [[(patch 518 142) (patch 453 123)]]]
[]
[[434.5745770972573 94.9367092836847 2 3 88 94] (train 348) [449 96 2 3 102 95] (train 493) [453 115 2 3 106 114] [454 115 2 3 107 114] [[(patch 435 95) (patch 467 93) (patch 471 93) (patch 471 100) (patch 462 101) (patch 454 115)]]]
[]
[[449.80859523007354 115.33880232271262 2 3 103 114] (train 493) [453 115 2 3 106 114] (train 630) [453 125 2 4 106 124] [460 123 2 4 113 122] [[(patch 450 115) (patch 436 112) (patch 384 111) (patch 384 109) (patch 405 106)] [(patch 405 106) (patch 232 106)] [(patch 232 106) (patch 251 109) (patch 251 142) (patch 231 145)] [(patch 231 145) (patch 404 145)] [(patch 404 145) (patch 392 142) (patch 392 139) (patch 460 123)]]]
[]
[[100.89791654938169 40.977862576981714 0 1 100 40] (train 235) [92 41 0 1 91 40] (train 348) [449 96 2 3 102 95] [462 97 2 3 115 96] [[(patch 101 41) (patch 78 46) (patch 30 58) (patch 30 60) (patch 51 64)] [(patch 51 64) (patch 224 64)] [(patch 224 64) (patch 283 68) (patch 292 74)] [(patch 292 74) (patch 465 74)] [(patch 465 74) (patch 476 82) (patch 476 84) (patch 462 97)]]]
[]
[[433.80694447084755 96.73509852821427 2 3 87 96] (train 348) [449 96 2 3 102 95] (train 235) [92 41 0 1 91 40] [90 40 0 1 89 39] [[(patch 434 97) (patch 476 84) (patch 476 82) (patch 465 74)] [(patch 465 74) (patch 292 74)] [(patch 292 74) (patch 249 67) (patch 224 64)] [(patch 224 64) (patch 51 64)] [(patch 51 64) (patch 30 60) (patch 30 58) (patch 36 57) (patch 65 55) (patch 90 40)]]]
[]
[[457.6070296556017 115.58584227937015 2 3 111 115] (train 493) [453 115 2 3 106 114] (outside 791) [518 138 2 4 171 137] [518 133 2 4 171 132] [[(patch 458 116) (patch 462 100) (patch 471 100) (patch 476 84) (patch 476 82) (patch 465 74)] [(patch 465 74) (patch 292 74)] [(patch 292 74) (patch 271 76) (patch 251 142) (patch 231 145)] [(patch 231 145) (patch 404 145)] [(patch 404 145) (patch 392 142) (patch 392 139) (patch 518 133)]]]
[]
[[459.7712864841268 123.50652219728742 2 4 113 123] (train 630) [453 125 2 4 106 124] (train 235) [92 41 0 1 91 40] [98 41 0 1 97 40] [[(patch 460 124) (patch 392 139) (patch 392 142) (patch 404 145)] [(patch 404 145) (patch 231 145)] [(patch 231 145) (patch 251 142) (patch 254 73) (patch 254 69) (patch 253 68) (patch 249 67) (patch 224 64)] [(patch 224 64) (patch 51 64)] [(patch 51 64) (patch 30 60) (patch 30 58) (patch 36 57) (patch 65 55) (patch 98 41)]]]
[]
[[89.59046887216276 40.02164325075085 0 1 89 39] (train 235) [92 41 0 1 91 40] (outside 767) [500 73 2 3 153 72] [498 73 2 3 151 72] [[(patch 90 40) (patch 78 46) (patch 30 58) (patch 30 60) (patch 51 64)] [(patch 51 64) (patch 224 64)] [(patch 224 64) (patch 283 68) (patch 292 74)] [(patch 292 74) (patch 465 74)] [(patch 465 74) (patch 498 73)]]]
[]
[[91.40889953992671 31.870463514052645 0 0 90 31] (train 121) [92 31 0 0 91 30] (outside 767) [500 73 2 3 153 72] [491 72 2 3 144 71] [[(patch 91 32) (patch 33 28) (patch 22 28) (patch 22 26) (patch 48 18)] [(patch 48 18) (patch 221 18)] [(patch 221 18) (patch 244 20) (patch 273 67) (patch 292 74)] [(patch 292 74) (patch 465 74)] [(patch 465 74) (patch 490 73) (patch 491 72)]]]
[]
[[100.2620908864759 30.918334581003208 0 0 99 30] (train 121) [92 31 0 0 91 30] (outside 791) [518 138 2 4 171 137] [518 140 2 4 171 139] [[(patch 100 31) (patch 22 28) (patch 22 26) (patch 48 18)] [(patch 48 18) (patch 221 18)] [(patch 221 18) (patch 244 20) (patch 254 69) (patch 254 123) (patch 251 142) (patch 231 145)] [(patch 231 145) (patch 404 145)] [(patch 404 145) (patch 392 142) (patch 392 139) (patch 434 139) (patch 518 140)]]]
[]
[[451.1043468062121 112.68650122784248 2 3 104 112] (train 493) [453 115 2 3 106 114] (train 630) [453 125 2 4 106 124] [458 124 2 4 111 123] [[(patch 451 113) (patch 436 112) (patch 384 111) (patch 384 109) (patch 405 106)] [(patch 405 106) (patch 232 106)] [(patch 232 106) (patch 251 109) (patch 251 142) (patch 231 145)] [(patch 231 145) (patch 404 145)] [(patch 404 145) (patch 392 142) (patch 392 139) (patch 458 124)]]]
[]
[[88.11181640279023 32.75566835847078 0 0 87 32] (train 121) [92 31 0 0 91 30] (train 493) [453 115 2 3 106 114] [467 116 2 3 120 115] [[(patch 88 33) (patch 72 30) (patch 22 28) (patch 22 26) (patch 48 18)] [(patch 48 18) (patch 221 18)] [(patch 221 18) (patch 244 20) (patch 273 67) (patch 292 74)] [(patch 292 74) (patch 465 74)] [(patch 465 74) (patch 476 82) (patch 476 93) (patch 471 100) (patch 462 101) (patch 458 107) (patch 467 116)]]]
[]
[[449.7069084310168 93.56928734652479 2 3 103 93] (train 348) [449 96 2 3 102 95] (outside 767) [500 73 2 3 153 72] [505 73 2 3 158 72] [[(patch 450 94) (patch 505 73)]]]
[]
[[104.44928649872347 42.23551148064108 0 1 103 41] (train 235) [92 41 0 1 91 40] (train 348) [449 96 2 3 102 95] [453 96 2 3 106 95] [[(patch 104 42) (patch 78 46) (patch 30 58) (patch 30 60) (patch 51 64)] [(patch 51 64) (patch 224 64)] [(patch 224 64) (patch 283 68) (patch 292 74)] [(patch 292 74) (patch 465 74)] [(patch 465 74) (patch 476 82) (patch 476 84) (patch 453 96)]]]
[]
[[456.04163484957104 95.93496039172854 2 3 109 95] (train 348) [449 96 2 3 102 95] (outside 767) [500 73 2 3 153 72] [505 74 2 3 158 73] [[(patch 456 96) (patch 505 74)]]]
[]
[[441.5622571520061 116.01990847375815 2 3 95 115] (train 493) [453 115 2 3 106 114] (train 121) [92 31 0 0 91 30] [82 34 0 0 81 33] [[(patch 442 116) (patch 462 100) (patch 471 100) (patch 476 84) (patch 476 82) (patch 465 74)] [(patch 465 74) (patch 292 74)] [(patch 292 74) (patch 268 65) (patch 244 20) (patch 221 18)] [(patch 221 18) (patch 48 18)] [(patch 48 18) (patch 22 26) (patch 22 28) (patch 76 30) (patch 82 34)]]]
[]
[[455.0300614248814 95.16450178702323 2 3 108 94] (train 348) [449 96 2 3 102 95] (train 235) [92 41 0 1 91 40] [78 41 0 1 77 40] [[(patch 455 95) (patch 476 84) (patch 476 82) (patch 465 74)] [(patch 465 74) (patch 292 74)] [(patch 292 74) (patch 249 67) (patch 224 64)] [(patch 224 64) (patch 51 64)] [(patch 51 64) (patch 30 60) (patch 30 58) (patch 36 57) (patch 65 55) (patch 78 49) (patch 78 41)]]]
[]
[[463.9798329807118 113.23731046694267 2 3 117 112] (train 493) [453 115 2 3 106 114] (train 121) [92 31 0 0 91 30] [94 32 0 0 93 31] [[(patch 464 113) (patch 458 106) (patch 462 100) (patch 471 100) (patch 476 84) (patch 476 82) (patch 465 74)] [(patch 465 74) (patch 292 74)] [(patch 292 74) (patch 268 65) (patch 244 20) (patch 221 18)] [(patch 221 18) (patch 48 18)] [(patch 48 18) (patch 22 26) (patch 22 28) (patch 24 28) (patch 94 32)]]]
[]
[[104.79438618628632 28.86644795929039 0 0 104 28] (train 121) [92 31 0 0 91 30] (train 348) [449 96 2 3 102 95] [442 94 2 3 95 93] [[(patch 105 29) (patch 22 28) (patch 22 26) (patch 48 18)] [(patch 48 18) (patch 221 18)] [(patch 221 18) (patch 244 20) (patch 273 67) (patch 292 74)] [(patch 292 74) (patch 465 74)] [(patch 465 74) (patch 476 82) (patch 476 84) (patch 442 94)]]]
[]
[[435.40976981734303 95.51079086733556 2 3 88 95] (train 348) [449 96 2 3 102 95] (outside 767) [500 73 2 3 153 72] [495 72 2 3 148 71] [[(patch 435 96) (patch 467 93) (patch 495 72)]]]
[]
[[441.20238113052153 113.40252840423526 2 3 94 112] (train 493) [453 115 2 3 106 114] (train 630) [453 125 2 4 106 124] [468 124 2 4 121 123] [[(patch 441 113) (patch 436 112) (patch 384 111) (patch 384 109) (patch 405 106)] [(patch 405 106) (patch 232 106)] [(patch 232 106) (patch 251 109) (patch 251 142) (patch 231 145)] [(patch 231 145) (patch 404 145)] [(patch 404 145) (patch 392 142) (patch 392 139) (patch 468 124)]]]
[]
[[80.34158215755292 33.37528038373295 0 0 79 32] (train 121) [92 31 0 0 91 30] (outside 791) [518 138 2 4 171 137] [518 135 2 4 171 134] [[(patch 80 33) (patch 77 30) (patch 22 28) (patch 22 26) (patch 48 18)] [(patch 48 18) (patch 221 18)] [(patch 221 18) (patch 244 20) (patch 254 69) (patch 254 123) (patch 251 142) (patch 231 145)] [(patch 231 145) (patch 404 145)] [(patch 404 145) (patch 392 142) (patch 392 139) (patch 518 135)]]]
[]
[[443.43977240830503 122.98053595384597 2 4 96 122] (train 630) [453 125 2 4 106 124] (train 235) [92 41 0 1 91 40] [89 41 0 1 88 40] [[(patch 443 123) (patch 428 131) (patch 392 139) (patch 392 142) (patch 404 145)] [(patch 404 145) (patch 231 145)] [(patch 231 145) (patch 251 142) (patch 254 73) (patch 254 69) (patch 253 68) (patch 249 67) (patch 224 64)] [(patch 224 64) (patch 51 64)] [(patch 51 64) (patch 30 60) (patch 30 58) (patch 36 57) (patch 65 55) (patch 89 41)]]]
[]
[[87.12225022301628 30.680459048543657 0 0 86 30] (train 121) [92 31 0 0 91 30] (train 235) [92 41 0 1 91 40] [97 41 0 1 96 40] [[(patch 87 31) (patch 22 28) (patch 22 26) (patch 48 18)] [(patch 48 18) (patch 221 18)] [(patch 221 18) (patch 244 20) (patch 245 25) (patch 247 50) (patch 247 57) (patch 224 64)] [(patch 224 64) (patch 51 64)] [(patch 51 64) (patch 30 60) (patch 30 58) (patch 36 57) (patch 65 55) (patch 97 41)]]]
[]
[[455.79817366101156 94.30927718991158 2 3 109 93] (train 348) [449 96 2 3 102 95] (train 493) [453 115 2 3 106 114] [439 114 2 3 92 113] [[(patch 456 94) (patch 467 93) (patch 471 93) (patch 471 100) (patch 450 102) (patch 439 114)]]]
[]
[[83.33591727614171 41.7528454116445 0 1 82 41] (train 235) [92 41 0 1 91 40] (outside 767) [500 73 2 3 153 72] [498 73 2 3 151 72] [[(patch 83 42) (patch 78 46) (patch 30 58) (patch 30 60) (patch 51 64)] [(patch 51 64) (patch 224 64)] [(patch 224 64) (patch 283 68) (patch 292 74)] [(patch 292 74) (patch 465 74)] [(patch 465 74) (patch 498 73)]]]
[]
[[436.9539866183645 93.75558983277902 2 3 90 93] (train 348) [449 96 2 3 102 95] (outside 791) [518 138 2 4 171 137] [518 143 2 4 171 142] [[(patch 437 94) (patch 476 84) (patch 476 82) (patch 465 74)] [(patch 465 74) (patch 292 74)] [(patch 292 74) (patch 271 76) (patch 251 142) (patch 231 145)] [(patch 231 145) (patch 404 145)] [(patch 404 145) (patch 392 142) (patch 392 139) (patch 457 138) (patch 518 143)]]]
[]
[[439.9511191960055 124.60178375027226 2 4 93 124] (train 630) [453 125 2 4 106 124] (train 235) [92 41 0 1 91 40] [102 42 0 1 101 41] [[(patch 440 125) (patch 424 132) (patch 392 139) (patch 392 142) (patch 404 145)] [(patch 404 145) (patch 231 145)] [(patch 231 145) (patch 251 142) (patch 254 73) (patch 254 69) (patch 253 68) (patch 249 67) (patch 224 64)] [(patch 224 64) (patch 51 64)] [(patch 51 64) (patch 30 60) (patch 30 58) (patch 36 57) (patch 65 55) (patch 102 42)]]]
[]
[[458.3214351358046 95.03383654887075 2 3 111 94] (train 348) [449 96 2 3 102 95] (outside 791) [518 138 2 4 171 137] [518 136 2 4 171 135] [[(patch 458 95) (patch 476 84) (patch 476 82) (patch 465 74)] [(patch 465 74) (patch 292 74)] [(patch 292 74) (patch 271 76) (patch 251 142) (patch 231 145)] [(patch 231 145) (patch 404 145)] [(patch 404 145) (patch 392 142) (patch 392 139) (patch 518 136)]]]
[]
[[79.99012546600021 33.23608158572325 0 0 79 32] (train 121) [92 31 0 0 91 30] (train 348) [449 96 2 3 102 95] [463 95 2 3 116 94] [[(patch 80 33) (patch 77 30) (patch 22 28) (patch 22 26) (patch 48 18)] [(patch 48 18) (patch 221 18)] [(patch 221 18) (patch 244 20) (patch 273 67) (patch 292 74)] [(patch 292 74) (patch 465 74)] [(patch 465 74) (patch 476 82) (patch 476 84) (patch 463 95)]]]
[]
[[509.67800751302036 74.13545483717432 2 3 163 73] (outside 767) [500 73 2 3 153 72] (train 630) [453 125 2 4 106 124] [451 123 2 4 104 122] [[(patch 510 74) (patch 465 74)] [(patch 465 74) (patch 292 74)] [(patch 292 74) (patch 271 76) (patch 251 142) (patch 231 145)] [(patch 231 145) (patch 404 145)] [(patch 404 145) (patch 392 142) (patch 392 139) (patch 451 123)]]]
[]
[[90.71579282831865 41.10881783706654 0 1 90 40] (train 235) [92 41 0 1 91 40] (train 493) [453 115 2 3 106 114] [455 114 2 3 108 113] [[(patch 91 41) (patch 78 46) (patch 30 58) (patch 30 60) (patch 51 64)] [(patch 51 64) (patch 224 64)] [(patch 224 64) (patch 283 68) (patch 292 74)] [(patch 292 74) (patch 465 74)] [(patch 465 74) (patch 476 82) (patch 476 93) (patch 471 100) (patch 462 101) (patch 455 114)]]]
[]
[[456.9580703767271 122.9659318025877 2 4 110 122] (train 630) [453 125 2 4 106 124] (outside 791) [518 138 2 4 171 137] [518 145 2 4 171 144] [[(patch 457 123) (patch 518 145)]]]
[]
[[452.44579110594526 96.9721410021682 2 3 105 96] (train 348) [449 96 2 3 102 95] (train 493) [453 115 2 3 106 114] [437 114 2 3 90 113] [[(patch 452 97) (patch 466 93) (patch 471 93) (patch 471 100) (patch 449 102) (patch 437 114)]]]
[]
[[443.8063508415579 94.88687093377926 2 3 97 94] (train 348) [449 96 2 3 102 95] (train 121) [92 31 0 0 91 30] [92 32 0 0 91 31] [[(patch 444 95) (patch 476 84) (patch 476 82) (patch 465 74)] [(patch 465 74) (patch 292 74)] [(patch 292 74) (patch 268 65) (patch 244 20) (patch 221 18)] [(patch 221 18) (patch 48 18)] [(patch 48 18) (patch 22 26) (patch 22 28) (patch 31 28) (patch 92 32)]]]
[]
[[467.1879975864072 125.38563629509092 2 4 120 124] (train 630) [453 125 2 4 106 124] (train 121) [92 31 0 0 91 30] [99 31 0 0 98 30] [[(patch 467 125) (patch 392 139) (patch 392 142) (patch 404 145)] [(patch 404 145) (patch 231 145)] [(patch 231 145) (patch 251 142) (patch 254 73) (patch 254 51) (patch 244 20) (patch 221 18)] [(patch 221 18) (patch 48 18)] [(patch 48 18) (patch 22 26) (patch 22 28) (patch 99 31)]]]
[]
[[504.9434281784783 73.12598176087958 2 3 158 72] (outside 767) [500 73 2 3 153 72] (train 348) [449 96 2 3 102 95] [458 95 2 3 111 94] [[(patch 505 73) (patch 458 95)]]]
[]
[[84.41566875921076 41.651188744911764 0 1 83 41] (train 235) [92 41 0 1 91 40] (outside 767) [500 73 2 3 153 72] [509 74 2 3 162 73] [[(patch 84 42) (patch 78 46) (patch 30 58) (patch 30 60) (patch 51 64)] [(patch 51 64) (patch 224 64)] [(patch 224 64) (patch 283 68) (patch 292 74)] [(patch 292 74) (patch 465 74)] [(patch 465 74) (patch 509 74)]]]
[]
[[92.85958043759557 42.1421494510453 0 1 92 41] (train 235) [92 41 0 1 91 40] (train 348) [449 96 2 3 102 95] [436 94 2 3 89 93] [[(patch 93 42) (patch 78 46) (patch 30 58) (patch 30 60) (patch 51 64)] [(patch 51 64) (patch 224 64)] [(patch 224 64) (patch 283 68) (patch 292 74)] [(patch 292 74) (patch 465 74)] [(patch 465 74) (patch 476 82) (patch 476 84) (patch 436 94)]]]
[]
[[447.450606750689 114.53774525043765 2 3 100 114] (train 493) [453 115 2 3 106 114] (train 121) [92 31 0 0 91 30] [89 30 0 0 88 29] [[(patch 447 115) (patch 462 100) (patch 471 100) (patch 476 84) (patch 476 82) (patch 465 74)] [(patch 465 74) (patch 292 74)] [(patch 292 74) (patch 268 65) (patch 244 20) (patch 221 18)] [(patch 221 18) (patch 48 18)] [(patch 48 18) (patch 22 26) (patch 22 28) (patch 89 30)]]]
[]
[[461.4790093367148 96.77827341487495 2 3 114 96] (train 348) [449 96 2 3 102 95] (outside 791) [518 138 2 4 171 137] [518 144 2 4 171 143] [[(patch 461 97) (patch 476 84) (patch 476 82) (patch 465 74)] [(patch 465 74) (patch 292 74)] [(patch 292 74) (patch 271 76) (patch 251 142) (patch 231 145)] [(patch 231 145) (patch 404 145)] [(patch 404 145) (patch 392 142) (patch 392 139) (patch 463 138) (patch 518 144)]]]
[]
[[448.7973005117753 96.05652908226864 2 3 102 95] (train 348) [449 96 2 3 102 95] (train 630) [453 125 2 4 106 124] [466 123 2 4 119 122] [[(patch 449 96) (patch 476 84) (patch 476 82) (patch 465 74)] [(patch 465 74) (patch 292 74)] [(patch 292 74) (patch 271 76) (patch 251 142) (patch 231 145)] [(patch 231 145) (patch 404 145)] [(patch 404 145) (patch 392 142) (patch 392 139) (patch 466 123)]]]
[]
[[457.77168671269925 124.85572823239185 2 4 111 124] (train 630) [453 125 2 4 106 124] (train 235) [92 41 0 1 91 40] [88 42 0 1 87 41] [[(patch 458 125) (patch 392 139) (patch 392 142) (patch 404 145)] [(patch 404 145) (patch 231 145)] [(patch 231 145) (patch 251 142) (patch 254 73) (patch 254 69) (patch 253 68) (patch 249 67) (patch 224 64)] [(patch 224 64) (patch 51 64)] [(patch 51 64) (patch 30 60) (patch 30 58) (patch 36 57) (patch 65 55) (patch 88 42)]]]
[]
[[455.3300494984793 93.80414836712886 2 3 108 93] (train 348) [449 96 2 3 102 95] (train 630) [453 125 2 4 106 124] [464 125 2 4 117 124] [[(patch 455 94) (patch 476 84) (patch 476 82) (patch 465 74)] [(patch 465 74) (patch 292 74)] [(patch 292 74) (patch 271 76) (patch 251 142) (patch 231 145)] [(patch 231 145) (patch 404 145)] [(patch 404 145) (patch 392 142) (patch 392 139) (patch 464 125)]]]
[]
[[461.3961356514198 94.47353658302053 2 3 114 93] (train 348) [449 96 2 3 102 95] (outside 791) [518 138 2 4 171 137] [518 145 2 4 171 144] [[(patch 461 94) (patch 476 84) (patch 476 82) (patch 465 74)] [(patch 465 74) (patch 292 74)] [(patch 292 74) (patch 271 76) (patch 251 142) (patch 231 145)] [(patch 231 145) (patch 404 145)] [(patch 404 145) (patch 392 142) (patch 392 139) (patch 467 138) (patch 518 145)]]]
[]
[[96.14236697556176 29.93896226284732 0 0 95 29] (train 121) [92 31 0 0 91 30] (outside 791) [518 138 2 4 171 137] [518 138 2 4 171 137] [[(patch 96 30) (patch 22 28) (patch 22 26) (patch 48 18)] [(patch 48 18) (patch 221 18)] [(patch 221 18) (patch 244 20) (patch 254 69) (patch 254 123) (patch 251 142) (patch 231 145)] [(patch 231 145) (patch 404 145)] [(patch 404 145) (patch 392 142) (patch 392 139) (patch 518 138)]]]
[]
[[81.11265933983292 43.60781349608875 0 1 80 43] (train 235) [92 41 0 1 91 40] (train 121) [92 31 0 0 91 30] [100 30 0 0 99 29] [[(patch 81 44) (patch 78 46) (patch 30 58) (patch 30 60) (patch 51 64)] [(patch 51 64) (patch 224 64)] [(patch 224 64) (patch 247 57) (patch 247 44) (patch 245 25) (patch 244 20) (patch 221 18)] [(patch 221 18) (patch 48 18)] [(patch 48 18) (patch 22 26) (patch 22 28) (patch 100 30)]]]
[]
[[440.7559784735056 97.04569419346223 2 3 94 96] (train 348) [449 96 2 3 102 95] (outside 791) [518 138 2 4 171 137] [518 139 2 4 171 138] [[(patch 441 97) (patch 476 84) (patch 476 82) (patch 465 74)] [(patch 465 74) (patch 292 74)] [(patch 292 74) (patch 271 76) (patch 251 142) (patch 231 145)] [(patch 231 145) (patch 404 145)] [(patch 404 145) (patch 392 142) (patch 392 139) (patch 518 139)]]]
[]
[[100.62188562579519 42.334622839080424 0 1 100 41] (train 235) [92 41 0 1 91 40] (train 630) [453 125 2 4 106 124] [462 123 2 4 115 122] [[(patch 101 42) (patch 78 46) (patch 30 58) (patch 30 60) (patch 51 64)] [(patch 51 64) (patch 224 64)] [(patch 224 64) (patch 249 67) (patch 253 68) (patch 254 69) (patch 254 122) (patch 251 142) (patch 231 145)] [(patch 231 145) (patch 404 145)] [(patch 404 145) (patch 392 142) (patch 392 139) (patch 462 123)]]]
[]
[[83.45353616076476 44.09098248203993 0 1 82 43] (train 235) [92 41 0 1 91 40] (train 630) [453 125 2 4 106 124] [445 126 2 4 98 125] [[(patch 83 44) (patch 78 46) (patch 30 58) (patch 30 60) (patch 51 64)] [(patch 51 64) (patch 224 64)] [(patch 224 64) (patch 249 67) (patch 253 68) (patch 254 69) (patch 254 122) (patch 251 142) (patch 231 145)] [(patch 231 145) (patch 404 145)] [(patch 404 145) (patch 392 142) (patch 392 139) (patch 445 126)]]]
[]
[[455.7295709338913 115.72301316764539 2 3 109 115] (train 493) [453 115 2 3 106 114] (outside 767) [500 73 2 3 153 72] [507 74 2 3 160 73] [[(patch 456 116) (patch 462 101) (patch 483 99) (patch 507 74)]]]
[]
[[452.2610734469452 96.76749966833289 2 3 105 96] (train 348) [449 96 2 3 102 95] (train 630) [453 125 2 4 106 124] [450 125 2 4 103 124] [[(patch 452 97) (patch 476 84) (patch 476 82) (patch 465 74)] [(patch 465 74) (patch 292 74)] [(patch 292 74) (patch 271 76) (patch 251 142) (patch 231 145)] [(patch 231 145) (patch 404 145)] [(patch 404 145) (patch 392 142) (patch 392 139) (patch 450 125)]]]
[]
[[437.5498385620585 115.5158891963543 2 3 91 115] (train 493) [453 115 2 3 106 114] (train 121) [92 31 0 0 91 30] [84 33 0 0 83 32] [[(patch 438 116) (patch 462 100) (patch 471 100) (patch 476 84) (patch 476 82) (patch 465 74)] [(patch 465 74) (patch 292 74)] [(patch 292 74) (patch 268 65) (patch 244 20) (patch 221 18)] [(patch 221 18) (patch 48 18)] [(patch 48 18) (patch 22 26) (patch 22 28) (patch 74 30) (patch 84 33)]]]
[]
[[436.47159132464037 123.03808233420006 2 4 89 122] (train 630) [453 125 2 4 106 124] (train 493) [453 115 2 3 106 114] [441 113 2 3 94 112] [[(patch 436 123) (patch 436 129) (patch 392 139) (patch 392 142) (patch 404 145)] [(patch 404 145) (patch 231 145)] [(patch 231 145) (patch 251 142) (patch 251 109) (patch 232 106)] [(patch 232 106) (patch 405 106)] [(patch 405 106) (patch 384 109) (patch 384 111) (patch 450 112) (patch 441 113)]]]
[]
[[449.7923760850904 126.26390246687116 2 4 103 125] (train 630) [453 125 2 4 106 124] (outside 767) [500 73 2 3 153 72] [497 73 2 3 150 72] [[(patch 450 126) (patch 392 139) (patch 392 142) (patch 404 145)] [(patch 404 145) (patch 231 145)] [(patch 231 145) (patch 251 142) (patch 271 76) (patch 292 74)] [(patch 292 74) (patch 465 74)] [(patch 465 74) (patch 497 73)]]]
[]
[[104.07752032375357 41.330861926534595 0 1 103 40] (train 235) [92 41 0 1 91 40] (train 630) [453 125 2 4 106 124] [469 125 2 4 122 124] [[(patch 104 41) (patch 78 46) (patch 30 58) (patch 30 60) (patch 51 64)] [(patch 51 64) (patch 224 64)] [(patch 224 64) (patch 249 67) (patch 253 68) (patch 254 69) (patch 254 122) (patch 251 142) (patch 231 145)] [(patch 231 145) (patch 404 145)] [(patch 404 145) (patch 392 142) (patch 392 139) (patch 469 125)]]]
[]
[[439.05944968853277 94.32605418411666 2 3 92 93] (train 348) [449 96 2 3 102 95] (train 493) [453 115 2 3 106 114] [446 113 2 3 99 112] [[(patch 439 94) (patch 468 93) (patch 471 93) (patch 471 100) (patch 458 101) (patch 446 113)]]]
[]
[[465.14301671553875 113.49525739801621 2 3 118 112] (train 493) [453 115 2 3 106 114] (outside 791) [518 138 2 4 171 137] [518 138 2 4 171 137] [[(patch 465 113) (patch 457 108) (patch 462 100) (patch 471 100) (patch 476 84) (patch 476 82) (patch 465 74)] [(patch 465 74) (patch 292 74)] [(patch 292 74) (patch 271 76) (patch 251 142) (patch 231 145)] [(patch 231 145) (patch 404 145)] [(patch 404 145) (patch 392 142) (patch 392 139) (patch 518 138)]]]
[]
[[457.02793920360284 96.91634795482722 2 3 110 96] (train 348) [449 96 2 3 102 95] (outside 767) [500 73 2 3 153 72] [505 74 2 3 158 73] [[(patch 457 97) (patch 505 74)]]]
[]
[[448.51985019837946 94.6452643302753 2 3 102 94] (train 348) [449 96 2 3 102 95] (train 121) [92 31 0 0 91 30] [88 31 0 0 87 30] [[(patch 449 95) (patch 476 84) (patch 476 82) (patch 465 74)] [(patch 465 74) (patch 292 74)] [(patch 292 74) (patch 268 65) (patch 244 20) (patch 221 18)] [(patch 221 18) (patch 48 18)] [(patch 48 18) (patch 22 26) (patch 22 28) (patch 88 31)]]]
[]
[[91.8940772924585 32.20393258083792 0 0 91 31] (train 121) [92 31 0 0 91 30] (train 235) [92 41 0 1 91 40] [85 43 0 1 84 42] [[(patch 92 32) (patch 31 28) (patch 22 28) (patch 22 26) (patch 48 18)] [(patch 48 18) (patch 221 18)] [(patch 221 18) (patch 244 20) (patch 245 25) (patch 247 50) (patch 247 57) (patch 224 64)] [(patch 224 64) (patch 51 64)] [(patch 51 64) (patch 30 60) (patch 30 58) (patch 36 57) (patch 65 55) (patch 85 43)]]]
[]
[[443.1647210020596 114.25158500150921 2 3 96 113] (train 493) [453 115 2 3 106 114] (train 121) [92 31 0 0 91 30] [98 30 0 0 97 29] [[(patch 443 114) (patch 462 100) (patch 471 100) (patch 476 84) (patch 476 82) (patch 465 74)] [(patch 465 74) (patch 292 74)] [(patch 292 74) (patch 268 65) (patch 244 20) (patch 221 18)] [(patch 221 18) (patch 48 18)] [(patch 48 18) (patch 22 26) (patch 22 28) (patch 98 30)]]]
[]
[[455.83574213204196 113.18543317565982 2 3 109 112] (train 493) [453 115 2 3 106 114] (train 630) [453 125 2 4 106 124] [462 126 2 4 115 125] [[(patch 456 113) (patch 462 100) (patch 471 100) (patch 476 84) (patch 476 82) (patch 465 74)] [(patch 465 74) (patch 292 74)] [(patch 292 74) (patch 271 76) (patch 251 142) (patch 231 145)] [(patch 231 145) (patch 404 145)] [(patch 404 145) (patch 392 142) (patch 392 139) (patch 462 126)]]]
[]
[[92.16361485431143 41.868613029881836 0 1 91 41] (train 235) [92 41 0 1 91 40] (outside 767) [500 73 2 3 153 72] [502 73 2 3 155 72] [[(patch 92 42) (patch 78 46) (patch 30 58) (patch 30 60) (patch 51 64)] [(patch 51 64) (patch 224 64)] [(patch 224 64) (patch 283 68) (patch 292 74)] [(patch 292 74) (patch 465 74)] [(patch 465 74) (patch 502 73)]]]
[]
[[87.94456489522192 32.692421908961784 0 0 87 32] (train 121) [92 31 0 0 91 30] (train 493) [453 115 2 3 106 114] [459 115 2 3 112 114] [[(patch 88 33) (patch 72 30) (patch 22 28) (patch 22 26) (patch 48 18)] [(patch 48 18) (patch 221 18)] [(patch 221 18) (patch 244 20) (patch 273 67) (patch 292 74)] [(patch 292 74) (patch 465 74)] [(patch 465 74) (patch 476 82) (patch 476 93) (patch 471 100) (patch 462 101) (patch 459 115)]]]
[]
[[444.01625201417806 115.73759814572166 2 3 97 115] (train 493) [453 115 2 3 106 114] (train 121) [92 31 0 0 91 30] [99 31 0 0 98 30] [[(patch 444 116) (patch 462 100) (patch 471 100) (patch 476 84) (patch 476 82) (patch 465 74)] [(patch 465 74) (patch 292 74)] [(patch 292 74) (patch 268 65) (patch 244 20) (patch 221 18)] [(patch 221 18) (patch 48 18)] [(patch 48 18) (patch 22 26) (patch 22 28) (patch 99 31)]]]
[]
[[92.60050578559235 29.970606933375663 0 0 92 29] (train 121) [92 31 0 0 91 30] (train 235) [92 41 0 1 91 40] [83 41 0 1 82 40] [[(patch 93 30) (patch 22 28) (patch 22 26) (patch 48 18)] [(patch 48 18) (patch 221 18)] [(patch 221 18) (patch 244 20) (patch 245 25) (patch 247 50) (patch 247 57) (patch 224 64)] [(patch 224 64) (patch 51 64)] [(patch 51 64) (patch 30 60) (patch 30 58) (patch 36 57) (patch 65 55) (patch 70 53) (patch 83 41)]]]
[]
[STAIR 0 [48 18 0 0 47 17] [221 18 1 2 47 17]]
[STAIR 0 [51 64 0 1 50 63] [224 64 1 2 50 63]]
[STAIR 0 [232 106 1 2 58 105] [405 106 2 3 58 105]]
[STAIR 0 [292 74 1 2 118 73] [465 74 2 3 118 73]]
[STAIR 0 [231 145 1 2 57 144] [404 145 2 4 57 144]]
[(train 493) POI [453 115 2 3 106 114]]
[(train 630) POI [453 125 2 4 106 124]]
[(train 235) POI [92 41 0 1 91 40]]
[(train 348) POI [449 96 2 3 102 95]]
[(train 121) POI [92 31 0 0 91 30]]
