[3 153 172 6 150 5 27]
[]
[]
[[87.75310957261928 43.40396331495236 0 1 87 42] (train 436) [92 41 0 1 91 40] (outside 968) [500 73 2 3 153 72] [507 74 2 3 160 73] [[(patch 88 43) (patch 82 53) (patch 77 72)] [(patch 77 72) (patch 250 72)] [(patch 250 72) (patch 251 73) (patch 251 74) (patch 292 74)] [(patch 292 74) (patch 465 74)] [(patch 465 74) (patch 507 74)]]]
[]
[[94.72412882452663 28.631173557920324 0 0 94 28] (train 322) [92 31 0 0 91 30] (train 831) [453 125 2 4 106 124] [466 125 2 4 119 124] [[(patch 95 29) (patch 86 20) (patch 83 6) (patch 83 3)] [(patch 83 3) (patch 256 3)] [(patch 256 3) (patch 257 114) (patch 263 142) (patch 289 145)] [(patch 289 145) (patch 462 145)] [(patch 462 145) (patch 482 142) (patch 482 140) (patch 466 125)]]]
[]
[[86.21989893536491 31.00562959692671 0 0 85 30] (train 322) [92 31 0 0 91 30] (train 436) [92 41 0 1 91 40] [96 39 0 1 95 38] [[(patch 86 31) (patch 86 20) (patch 83 6) (patch 83 3)] [(patch 83 3) (patch 256 3)] [(patch 256 3) (patch 254 74) (patch 251 74) (patch 251 73) (patch 250 72)] [(patch 250 72) (patch 77 72)] [(patch 77 72) (patch 83 50) (patch 96 39)]]]
[]
[[432.60388330225237 95.5177614397332 2 3 86 95] (train 549) [449 96 2 3 102 95] (train 436) [92 41 0 1 91 40] [86 43 0 1 85 42] [[(patch 433 96) (patch 427 81) (patch 424 74) (patch 424 73) (patch 423 72)] [(patch 423 72) (patch 77 72)] [(patch 77 72) (patch 83 50) (patch 86 43)]]]
[]
[[89.87787766320393 42.324235425134404 0 1 89 41] (train 436) [92 41 0 1 91 40] (outside 992) [518 138 2 4 171 137] [518 143 2 4 171 142] [[(patch 90 42) (patch 82 53) (patch 77 72)] [(patch 77 72) (patch 250 72)] [(patch 250 72) (patch 251 73) (patch 252 80) (patch 277 134) (patch 315 142) (patch 323 148) (patch 323 151)] [(patch 323 151) (patch 496 151)] [(patch 496 151) (patch 496 148) (patch 518 143)]]]
[]
[[454.3217809547269 125.11708238026385 2 4 107 124] (train 831) [453 125 2 4 106 124] (train 549) [449 96 2 3 102 95] [433 96 2 3 86 95] [[(patch 454 125) (patch 482 140) (patch 482 142) (patch 462 145)] [(patch 462 145) (patch 289 145)] [(patch 289 145) (patch 263 142) (patch 251 74) (patch 251 73) (patch 250 72)] [(patch 250 72) (patch 423 72)] [(patch 423 72) (patch 424 73) (patch 424 74) (patch 427 81) (patch 433 96)]]]
[]
[[454.0707077258675 95.6293497568422 2 3 107 95] (train 549) [449 96 2 3 102 95] (train 436) [92 41 0 1 91 40] [81 41 0 1 80 40] [[(patch 454 96) (patch 427 81) (patch 424 74) (patch 424 73) (patch 423 72)] [(patch 423 72) (patch 77 72)] [(patch 77 72) (patch 83 50) (patch 81 41)]]]
[]
[[440.9676207036707 114.08332713152993 2 3 94 113] (train 694) [453 115 2 3 106 114] (outside 992) [518 138 2 4 171 137] [518 141 2 4 171 140] [[(patch 441 114) (patch 475 111) (patch 482 111) (patch 482 109) (patch 464 106)] [(patch 464 106) (patch 291 106)] [(patch 291 106) (patch 275 109) (patch 275 120) (patch 276 129) (patch 277 134) (patch 313 141) (patch 323 148) (patch 323 151)] [(patch 323 151) (patch 496 151)] [(patch 496 151) (patch 496 148) (patch 518 141)]]]
[]
[[438.23674087855926 114.9719323824416 2 3 91 114] (train 694) [453 115 2 3 106 114] (train 436) [92 41 0 1 91 40] [96 42 0 1 95 41] [[(patch 438 115) (patch 462 100) (patch 471 100) (patch 471 93) (patch 427 81) (patch 424 74) (patch 424 72) (patch 423 72)] [(patch 423 72) (patch 77 72)] [(patch 77 72) (patch 83 50) (patch 96 42)]]]
[]
[[443.9620143336826 123.51260408758576 2 4 97 123] (train 831) [453 125 2 4 106 124] (train 436) [92 41 0 1 91 40] [100 39 0 1 99 38] [[(patch 444 124) (patch 412 135) (patch 392 139) (patch 392 142) (patch 404 145)] [(patch 404 145) (patch 231 145)] [(patch 231 145) (patch 251 142) (patch 251 73) (patch 250 72)] [(patch 250 72) (patch 77 72)] [(patch 77 72) (patch 83 50) (patch 100 39)]]]
[]
[[451.44258701759327 96.22354153136399 2 3 104 95] (train 549) [449 96 2 3 102 95] (train 831) [453 125 2 4 106 124] [449 123 2 4 102 122] [[(patch 451 96) (patch 466 93) (patch 471 93) (patch 482 101) (patch 482 103) (patch 464 106)] [(patch 464 106) (patch 291 106)] [(patch 291 106) (patch 275 109) (patch 263 140) (patch 263 142) (patch 289 145)] [(patch 289 145) (patch 462 145)] [(patch 462 145) (patch 482 142) (patch 482 140) (patch 449 123)]]]
[]
[[465.5410101479737 93.55128852325666 2 3 119 93] (train 549) [449 96 2 3 102 95] (outside 992) [518 138 2 4 171 137] [518 133 2 4 171 132] [[(patch 466 94) (patch 466 93) (patch 471 93) (patch 482 101) (patch 482 103) (patch 464 106)] [(patch 464 106) (patch 291 106)] [(patch 291 106) (patch 275 109) (patch 275 120) (patch 276 129) (patch 277 134) (patch 311 141) (patch 318 148) (patch 318 151)] [(patch 318 151) (patch 491 151)] [(patch 491 151) (patch 491 148) (patch 518 133)]]]
[]
[[465.76455790030315 125.25894731211007 2 4 119 124] (train 831) [453 125 2 4 106 124] (train 549) [449 96 2 3 102 95] [438 94 2 3 91 93] [[(patch 466 125) (patch 482 140) (patch 482 142) (patch 462 145)] [(patch 462 145) (patch 289 145)] [(patch 289 145) (patch 263 142) (patch 251 74) (patch 251 73) (patch 250 72)] [(patch 250 72) (patch 423 72)] [(patch 423 72) (patch 424 73) (patch 424 74) (patch 427 81) (patch 438 94)]]]
[]
[[517.6412749790389 133.96743766088784 2 4 171 133] (outside 992) [518 138 2 4 171 137] (train 322) [92 31 0 0 91 30] [92 30 0 0 91 29] [[(patch 518 134) (patch 472 144) (patch 462 145)] [(patch 462 145) (patch 289 145)] [(patch 289 145) (patch 263 142) (patch 256 7) (patch 256 3)] [(patch 256 3) (patch 83 3)] [(patch 83 3) (patch 83 22) (patch 92 30)]]]
[]
[[431.4619426667279 97.01120879406334 2 3 84 96] (train 549) [449 96 2 3 102 95] (outside 968) [500 73 2 3 153 72] [492 72 2 3 145 71] [[(patch 431 97) (patch 466 93) (patch 492 72)]]]
[]
[[93.89578409637441 40.49059120720013 0 1 93 39] (train 436) [92 41 0 1 91 40] (train 322) [92 31 0 0 91 30] [78 34 0 0 77 33] [[(patch 94 40) (patch 82 53) (patch 77 72)] [(patch 77 72) (patch 250 72)] [(patch 250 72) (patch 251 73) (patch 251 74) (patch 254 74) (patch 256 3)] [(patch 256 3) (patch 83 3)] [(patch 83 3) (patch 83 22) (patch 78 34)]]]
[]
[[438.72469037325976 94.20786217616383 2 3 92 93] (train 549) [449 96 2 3 102 95] (train 436) [92 41 0 1 91 40] [97 39 0 1 96 38] [[(patch 439 94) (patch 427 81) (patch 424 74) (patch 424 73) (patch 423 72)] [(patch 423 72) (patch 77 72)] [(patch 77 72) (patch 83 50) (patch 97 39)]]]
[]
[[445.87082370317614 95.44858510388566 2 3 99 94] (train 549) [449 96 2 3 102 95] (train 436) [92 41 0 1 91 40] [80 42 0 1 79 41] [[(patch 446 95) (patch 427 81) (patch 424 74) (patch 424 73) (patch 423 72)] [(patch 423 72) (patch 77 72)] [(patch 77 72) (patch 83 50) (patch 80 42)]]]
[]
[[437.3008637042723 95.79671760147464 2 3 90 95] (train 549) [449 96 2 3 102 95] (train 694) [453 115 2 3 106 114] [457 113 2 3 110 112] [[(patch 437 96) (patch 467 93) (patch 471 93) (patch 471 100) (patch 462 101) (patch 457 113)]]]
[]
[[80.78124094935876 44.325923341337315 0 1 80 43] (train 436) [92 41 0 1 91 40] (train 549) [449 96 2 3 102 95] [437 95 2 3 90 94] [[(patch 81 44) (patch 82 53) (patch 77 72)] [(patch 77 72) (patch 423 72)] [(patch 423 72) (patch 424 73) (patch 424 74) (patch 427 81) (patch 437 95)]]]
[]
[[465.80887040346215 96.63464998631528 2 3 119 96] (train 549) [449 96 2 3 102 95] (train 831) [453 125 2 4 106 124] [450 126 2 4 103 125] [[(patch 466 97) (patch 466 93) (patch 471 93) (patch 482 101) (patch 482 103) (patch 464 106)] [(patch 464 106) (patch 291 106)] [(patch 291 106) (patch 275 109) (patch 263 140) (patch 263 142) (patch 289 145)] [(patch 289 145) (patch 462 145)] [(patch 462 145) (patch 482 142) (patch 482 140) (patch 450 126)]]]
[]
[[450.4125809732074 95.11719861235545 2 3 103 94] (train 549) [449 96 2 3 102 95] (train 831) [453 125 2 4 106 124] [439 125 2 4 92 124] [[(patch 450 95) (patch 427 81) (patch 424 74) (patch 424 73) (patch 423 72)] [(patch 423 72) (patch 250 72)] [(patch 250 72) (patch 251 73) (patch 251 142) (patch 231 145)] [(patch 231 145) (patch 404 145)] [(patch 404 145) (patch 392 142) (patch 392 139) (patch 429 131) (patch 439 125)]]]
[]
[[437.9350137692757 94.71156822826354 2 3 91 94] (train 549) [449 96 2 3 102 95] (outside 968) [500 73 2 3 153 72] [503 73 2 3 156 72] [[(patch 438 95) (patch 467 93) (patch 503 73)]]]
[]
[[93.9707713937645 30.572966719736044 0 0 93 30] (train 322) [92 31 0 0 91 30] (train 549) [449 96 2 3 102 95] [448 94 2 3 101 93] [[(patch 94 31) (patch 86 20) (patch 83 6) (patch 83 3)] [(patch 83 3) (patch 256 3)] [(patch 256 3) (patch 254 74) (patch 251 74) (patch 251 73) (patch 250 72)] [(patch 250 72) (patch 423 72)] [(patch 423 72) (patch 424 73) (patch 424 74) (patch 427 81) (patch 448 94)]]]
[]
[[451.34316809961916 95.28400204503069 2 3 104 94] (train 549) [449 96 2 3 102 95] (outside 992) [518 138 2 4 171 137] [518 132 2 4 171 131] [[(patch 451 95) (patch 466 93) (patch 471 93) (patch 482 101) (patch 482 103) (patch 464 106)] [(patch 464 106) (patch 291 106)] [(patch 291 106) (patch 275 109) (patch 275 120) (patch 276 129) (patch 277 134) (patch 311 141) (patch 318 148) (patch 318 151)] [(patch 318 151) (patch 491 151)] [(patch 491 151) (patch 491 148) (patch 518 132)]]]
[]
[[443.2293239584545 115.81360146218971 2 3 96 115] (train 694) [453 115 2 3 106 114] (train 322) [92 31 0 0 91 30] [83 32 0 0 82 31] [[(patch 443 116) (patch 462 100) (patch 471 100) (patch 476 84) (patch 476 82) (patch 465 74)] [(patch 465 74) (patch 292 74)] [(patch 292 74) (patch 273 67) (patch 267 54) (patch 256 8) (patch 256 3)] [(patch 256 3) (patch 83 3)] [(patch 83 3) (patch 83 22) (patch 83 32)]]]
[]
[[102.97093220243934 30.3489026550129 0 0 102 29] (train 322) [92 31 0 0 91 30] (train 831) [453 125 2 4 106 124] [466 126 2 4 119 125] [[(patch 103 30) (patch 86 20) (patch 83 6) (patch 83 3)] [(patch 83 3) (patch 256 3)] [(patch 256 3) (patch 257 114) (patch 263 142) (patch 289 145)] [(patch 289 145) (patch 462 145)] [(patch 462 145) (patch 482 142) (patch 482 140) (patch 466 126)]]]
[]
[[97.05801928916598 39.09043666867054 0 1 96 38] (train 436) [92 41 0 1 91 40] (outside 992) [518 138 2 4 171 137] [518 138 2 4 171 137] [[(patch 97 39) (patch 82 53) (patch 77 72)] [(patch 77 72) (patch 250 72)] [(patch 250 72) (patch 251 73) (patch 252 80) (patch 277 134) (patch 315 142) (patch 323 148) (patch 323 151)] [(patch 323 151) (patch 496 151)] [(patch 496 151) (patch 496 148) (patch 518 138)]]]
[]
[[441.68423735813315 115.71994813062281 2 3 95 115] (train 694) [453 115 2 3 106 114] (train 436) [92 41 0 1 91 40] [86 44 0 1 85 43] [[(patch 442 116) (patch 462 100) (patch 471 100) (patch 471 93) (patch 427 81) (patch 424 74) (patch 424 72) (patch 423 72)] [(patch 423 72) (patch 77 72)] [(patch 77 72) (patch 83 50) (patch 86 44)]]]
[]
[[462.7416090507645 94.30855471483304 2 3 116 93] (train 549) [449 96 2 3 102 95] (outside 992) [518 138 2 4 171 137] [518 139 2 4 171 138] [[(patch 463 94) (patch 466 93) (patch 471 93) (patch 482 101) (patch 482 103) (patch 464 106)] [(patch 464 106) (patch 291 106)] [(patch 291 106) (patch 275 109) (patch 275 120) (patch 276 129) (patch 277 134) (patch 313 141) (patch 323 148) (patch 323 151)] [(patch 323 151) (patch 496 151)] [(patch 496 151) (patch 496 148) (patch 518 139)]]]
[]
[[452.10113469031216 115.01620507353454 2 3 105 114] (train 694) [453 115 2 3 106 114] (train 831) [453 125 2 4 106 124] [455 123 2 4 108 122] [[(patch 452 115) (patch 475 111) (patch 482 111) (patch 482 109) (patch 464 106)] [(patch 464 106) (patch 291 106)] [(patch 291 106) (patch 275 109) (patch 263 140) (patch 263 142) (patch 289 145)] [(patch 289 145) (patch 462 145)] [(patch 462 145) (patch 482 142) (patch 482 140) (patch 455 123)]]]
[]
[[457.88864974306074 95.81591694586317 2 3 111 95] (train 549) [449 96 2 3 102 95] (train 322) [92 31 0 0 91 30] [99 29 0 0 98 28] [[(patch 458 96) (patch 476 84) (patch 476 82) (patch 465 74)] [(patch 465 74) (patch 292 74)] [(patch 292 74) (patch 273 67) (patch 267 54) (patch 256 8) (patch 256 3)] [(patch 256 3) (patch 83 3)] [(patch 83 3) (patch 83 22) (patch 99 29)]]]
[]
[[89.27739639166636 32.24708373242358 0 0 88 31] (train 322) [92 31 0 0 91 30] (outside 968) [500 73 2 3 153 72] [494 72 2 3 147 71] [[(patch 89 32) (patch 86 20) (patch 83 6) (patch 83 3)] [(patch 83 3) (patch 256 3)] [(patch 256 3) (patch 256 38) (patch 273 67) (patch 292 74)] [(patch 292 74) (patch 465 74)] [(patch 465 74) (patch 490 73) (patch 494 72)]]]
[]
[[431.18077473761144 93.79568980964743 2 3 84 93] (train 549) [449 96 2 3 102 95] (outside 968) [500 73 2 3 153 72] [491 72 2 3 144 71] [[(patch 431 94) (patch 468 93) (patch 491 72)]]]
[]
[[454.8522172302843 125.52869013382602 2 4 108 125] (train 831) [453 125 2 4 106 124] (train 322) [92 31 0 0 91 30] [94 31 0 0 93 30] [[(patch 455 126) (patch 482 140) (patch 482 142) (patch 462 145)] [(patch 462 145) (patch 289 145)] [(patch 289 145) (patch 263 142) (patch 256 7) (patch 256 3)] [(patch 256 3) (patch 83 3)] [(patch 83 3) (patch 83 22) (patch 94 31)]]]
[]
[[444.745309958399 113.96549443618619 2 3 98 113] (train 694) [453 115 2 3 106 114] (train 549) [449 96 2 3 102 95] [456 94 2 3 109 93] [[(patch 445 114) (patch 463 100) (patch 471 100) (patch 471 93) (patch 457 93) (patch 456 94)]]]
[]
[[437.0411808951138 123.67994700752732 2 4 90 123] (train 831) [453 125 2 4 106 124] (outside 992) [518 138 2 4 171 137] [518 133 2 4 171 132] [[(patch 437 124) (patch 518 133)]]]
[]
[[444.7894157169864 124.990385503665 2 4 98 124] (train 831) [453 125 2 4 106 124] (train 549) [449 96 2 3 102 95] [445 96 2 3 98 95] [[(patch 445 125) (patch 482 140) (patch 482 142) (patch 462 145)] [(patch 462 145) (patch 289 145)] [(patch 289 145) (patch 263 142) (patch 251 74) (patch 251 73) (patch 250 72)] [(patch 250 72) (patch 423 72)] [(patch 423 72) (patch 424 73) (patch 424 74) (patch 427 81) (patch 445 96)]]]
[]
[[468.82922197055757 113.87624622568943 2 3 122 113] (train 694) [453 115 2 3 106 114] (train 322) [92 31 0 0 91 30] [93 33 0 0 92 32] [[(patch 469 114) (patch 457 109) (patch 462 100) (patch 471 100) (patch 476 84) (patch 476 82) (patch 465 74)] [(patch 465 74) (patch 292 74)] [(patch 292 74) (patch 273 67) (patch 267 54) (patch 256 8) (patch 256 3)] [(patch 256 3) (patch 83 3)] [(patch 83 3) (patch 83 22) (patch 93 33)]]]
[]
[[447.7141447774293 113.26887241241273 2 3 101 112] (train 694) [453 115 2 3 106 114] (train 436) [92 41 0 1 91 40] [92 40 0 1 91 39] [[(patch 448 113) (patch 462 100) (patch 471 100) (patch 471 93) (patch 427 81) (patch 424 74) (patch 424 72) (patch 423 72)] [(patch 423 72) (patch 77 72)] [(patch 77 72) (patch 83 50) (patch 92 40)]]]
[]
[[442.93564727422194 125.69365968931403 2 4 96 125] (train 831) [453 125 2 4 106 124] (outside 992) [518 138 2 4 171 137] [518 131 2 4 171 130] [[(patch 443 126) (patch 518 131)]]]
[]
[[448.70728206292716 125.55545835558434 2 4 102 125] (train 831) [453 125 2 4 106 124] (train 694) [453 115 2 3 106 114] [465 114 2 3 118 113] [[(patch 449 126) (patch 482 140) (patch 482 142) (patch 462 145)] [(patch 462 145) (patch 289 145)] [(patch 289 145) (patch 263 142) (patch 263 133) (patch 275 109) (patch 291 106)] [(patch 291 106) (patch 464 106)] [(patch 464 106) (patch 482 109) (patch 482 111) (patch 455 113) (patch 465 114)]]]
[]
[[437.142676361424 97.01299410227318 2 3 90 96] (train 549) [449 96 2 3 102 95] (train 831) [453 125 2 4 106 124] [444 124 2 4 97 123] [[(patch 437 97) (patch 427 81) (patch 424 74) (patch 424 73) (patch 423 72)] [(patch 423 72) (patch 250 72)] [(patch 250 72) (patch 251 73) (patch 251 142) (patch 231 145)] [(patch 231 145) (patch 404 145)] [(patch 404 145) (patch 392 142) (patch 392 139) (patch 412 135) (patch 444 124)]]]
[]
[[437.384745668488 93.85682288016734 2 3 90 93] (train 549) [449 96 2 3 102 95] (train 436) [92 41 0 1 91 40] [93 41 0 1 92 40] [[(patch 437 94) (patch 427 81) (patch 424 74) (patch 424 73) (patch 423 72)] [(patch 423 72) (patch 77 72)] [(patch 77 72) (patch 83 50) (patch 93 41)]]]
[]
[[444.0101322674506 124.22184867517542 2 4 97 123] (train 831) [453 125 2 4 106 124] (outside 968) [500 73 2 3 153 72] [501 73 2 3 154 72] [[(patch 444 124) (patch 482 140) (patch 482 142) (patch 462 145)] [(patch 462 145) (patch 289 145)] [(patch 289 145) (patch 263 142) (patch 263 133) (patch 275 109) (patch 291 106)] [(patch 291 106) (patch 464 106)] [(patch 464 106) (patch 482 103) (patch 501 73)]]]
[]
[[446.19615336678265 115.6041578386462 2 3 99 115] (train 694) [453 115 2 3 106 114] (train 436) [92 41 0 1 91 40] [103 42 0 1 102 41] [[(patch 446 116) (patch 462 100) (patch 471 100) (patch 471 93) (patch 427 81) (patch 424 74) (patch 424 72) (patch 423 72)] [(patch 423 72) (patch 77 72)] [(patch 77 72) (patch 83 50) (patch 103 42)]]]
[]
[[441.96055840698796 113.47269426665042 2 3 95 112] (train 694) [453 115 2 3 106 114] (train 322) [92 31 0 0 91 30] [101 29 0 0 100 28] [[(patch 442 113) (patch 462 100) (patch 471 100) (patch 476 84) (patch 476 82) (patch 465 74)] [(patch 465 74) (patch 292 74)] [(patch 292 74) (patch 273 67) (patch 267 54) (patch 256 8) (patch 256 3)] [(patch 256 3) (patch 83 3)] [(patch 83 3) (patch 83 22) (patch 101 29)]]]
[]
[[461.44170157933473 126.31667185563307 2 4 114 125] (train 831) [453 125 2 4 106 124] (train 694) [453 115 2 3 106 114] [438 115 2 3 91 114] [[(patch 461 126) (patch 482 140) (patch 482 142) (patch 462 145)] [(patch 462 145) (patch 289 145)] [(patch 289 145) (patch 263 142) (patch 263 133) (patch 275 109) (patch 291 106)] [(patch 291 106) (patch 464 106)] [(patch 464 106) (patch 482 109) (patch 482 111) (patch 455 113) (patch 438 115)]]]
[]
[[456.8133299008562 123.41486916575835 2 4 110 122] (train 831) [453 125 2 4 106 124] (outside 968) [500 73 2 3 153 72] [495 72 2 3 148 71] [[(patch 457 123) (patch 482 140) (patch 482 142) (patch 462 145)] [(patch 462 145) (patch 289 145)] [(patch 289 145) (patch 263 142) (patch 263 133) (patch 275 109) (patch 291 106)] [(patch 291 106) (patch 464 106)] [(patch 464 106) (patch 482 103) (patch 495 72)]]]
[]
[[451.05516921293315 115.60527787581634 2 3 104 115] (train 694) [453 115 2 3 106 114] (train 436) [92 41 0 1 91 40] [99 39 0 1 98 38] [[(patch 451 116) (patch 462 100) (patch 471 100) (patch 471 93) (patch 427 81) (patch 424 74) (patch 424 72) (patch 423 72)] [(patch 423 72) (patch 77 72)] [(patch 77 72) (patch 83 50) (patch 99 39)]]]
[]
[[462.63443067908463 115.37368242084935 2 3 116 114] (train 694) [453 115 2 3 106 114] (train 549) [449 96 2 3 102 95] [461 95 2 3 114 94] [[(patch 463 115) (patch 462 111) (patch 462 100) (patch 471 100) (patch 471 93) (patch 463 93) (patch 461 95)]]]
[]
[[82.94114608885792 31.022514362134995 0 0 82 30] (train 322) [92 31 0 0 91 30] (outside 992) [518 138 2 4 171 137] [518 136 2 4 171 135] [[(patch 83 31) (patch 86 20) (patch 83 6) (patch 83 3)] [(patch 83 3) (patch 256 3)] [(patch 256 3) (patch 256 84) (patch 277 134) (patch 313 141) (patch 323 148) (patch 323 151)] [(patch 323 151) (patch 496 151)] [(patch 496 151) (patch 496 148) (patch 518 136)]]]
[]
[[82.91404329448439 43.05686169165431 0 1 82 42] (train 436) [92 41 0 1 91 40] (outside 968) [500 73 2 3 153 72] [490 72 2 3 143 71] [[(patch 83 43) (patch 82 53) (patch 77 72)] [(patch 77 72) (patch 250 72)] [(patch 250 72) (patch 251 73) (patch 251 74) (patch 292 74)] [(patch 292 74) (patch 465 74)] [(patch 465 74) (patch 490 73) (patch 490 72)]]]
[]
[[85.5381119947621 33.12567692597344 0 0 85 32] (train 322) [92 31 0 0 91 30] (train 436) [92 41 0 1 91 40] [87 40 0 1 86 39] [[(patch 86 33) (patch 86 20) (patch 83 6) (patch 83 3)] [(patch 83 3) (patch 256 3)] [(patch 256 3) (patch 254 74) (patch 251 74) (patch 251 73) (patch 250 72)] [(patch 250 72) (patch 77 72)] [(patch 77 72) (patch 83 50) (patch 86 47) (patch 87 40)]]]
[]
[[435.4727147633769 96.28687127618213 2 3 88 95] (train 549) [449 96 2 3 102 95] (train 322) [92 31 0 0 91 30] [101 30 0 0 100 29] [[(patch 435 96) (patch 427 81) (patch 424 74) (patch 424 73) (patch 423 72)] [(patch 423 72) (patch 250 72)] [(patch 250 72) (patch 251 73) (patch 251 74) (patch 254 74) (patch 256 3)] [(patch 256 3) (patch 83 3)] [(patch 83 3) (patch 83 22) (patch 101 30)]]]
[]
[[443.5589404450137 126.35427477364779 2 4 97 125] (train 831) [453 125 2 4 106 124] (outside 992) [518 138 2 4 171 137] [518 138 2 4 171 137] [[(patch 444 126) (patch 518 138)]]]
[]
[[88.24077875294489 40.911347509886326 0 1 87 40] (train 436) [92 41 0 1 91 40] (train 322) [92 31 0 0 91 30] [82 33 0 0 81 32] [[(patch 88 41) (patch 82 53) (patch 77 72)] [(patch 77 72) (patch 250 72)] [(patch 250 72) (patch 251 73) (patch 251 74) (patch 254 74) (patch 256 3)] [(patch 256 3) (patch 83 3)] [(patch 83 3) (patch 83 22) (patch 82 33)]]]
[]
[[437.36949432686583 124.86447760705121 2 4 90 124] (train 831) [453 125 2 4 106 124] (outside 968) [500 73 2 3 153 72] [510 74 2 3 163 73] [[(patch 437 125) (patch 435 129) (patch 392 139) (patch 392 142) (patch 404 145)] [(patch 404 145) (patch 231 145)] [(patch 231 145) (patch 256 142) (patch 275 109) (patch 291 106)] [(patch 291 106) (patch 464 106)] [(patch 464 106) (patch 482 103) (patch 510 74)]]]
[]
[[456.3222611829475 123.19955911168508 2 4 109 122] (train 831) [453 125 2 4 106 124] (outside 992) [518 138 2 4 171 137] [518 131 2 4 171 130] [[(patch 456 123) (patch 469 127) (patch 518 131)]]]
[]
[[452.51773189175276 125.47472437630215 2 4 106 124] (train 831) [453 125 2 4 106 124] (train 694) [453 115 2 3 106 114] [439 114 2 3 92 113] [[(patch 453 125) (patch 482 140) (patch 482 142) (patch 462 145)] [(patch 462 145) (patch 289 145)] [(patch 289 145) (patch 263 142) (patch 263 133) (patch 275 109) (patch 291 106)] [(patch 291 106) (patch 464 106)] [(patch 464 106) (patch 482 109) (patch 482 111) (patch 455 113) (patch 439 114)]]]
[]
[[463.9294066529199 125.12777241468767 2 4 117 124] (train 831) [453 125 2 4 106 124] (outside 968) [500 73 2 3 153 72] [495 72 2 3 148 71] [[(patch 464 125) (patch 482 140) (patch 482 142) (patch 462 145)] [(patch 462 145) (patch 289 145)] [(patch 289 145) (patch 263 142) (patch 263 133) (patch 275 109) (patch 291 106)] [(patch 291 106) (patch 464 106)] [(patch 464 106) (patch 482 103) (patch 495 72)]]]
[]
[[458.36544295765555 125.27930781117016 2 4 111 124] (train 831) [453 125 2 4 106 124] (outside 992) [518 138 2 4 171 137] [518 133 2 4 171 132] [[(patch 458 125) (patch 469 127) (patch 518 133)]]]
[]
[[449.81541450864626 124.40264609108158 2 4 103 123] (train 831) [453 125 2 4 106 124] (outside 992) [518 138 2 4 171 137] [518 136 2 4 171 135] [[(patch 450 124) (patch 518 136)]]]
[]
[[466.4480055826051 113.32477436479928 2 3 119 112] (train 694) [453 115 2 3 106 114] (outside 992) [518 138 2 4 171 137] [518 139 2 4 171 138] [[(patch 466 113) (patch 473 111) (patch 475 111) (patch 482 111) (patch 482 109) (patch 464 106)] [(patch 464 106) (patch 291 106)] [(patch 291 106) (patch 275 109) (patch 275 120) (patch 276 129) (patch 277 134) (patch 313 141) (patch 323 148) (patch 323 151)] [(patch 323 151) (patch 496 151)] [(patch 496 151) (patch 496 148) (patch 518 139)]]]
[]
[[468.86447590143104 115.92701346382542 2 3 122 115] (train 694) [453 115 2 3 106 114] (outside 992) [518 138 2 4 171 137] [518 144 2 4 171 143] [[(patch 469 116) (patch 469 112) (patch 475 111) (patch 482 111) (patch 482 109) (patch 464 106)] [(patch 464 106) (patch 291 106)] [(patch 291 106) (patch 275 109) (patch 275 120) (patch 276 129) (patch 277 134) (patch 313 141) (patch 323 148) (patch 323 151)] [(patch 323 151) (patch 496 151)] [(patch 496 151) (patch 496 148) (patch 518 144)]]]
[]
[[503.5801239873494 73.22437226839698 2 3 157 72] (outside 968) [500 73 2 3 153 72] (train 549) [449 96 2 3 102 95] [453 94 2 3 106 93] [[(patch 504 73) (patch 453 94)]]]
[]
[[468.8255716782359 123.26245896871455 2 4 122 122] (train 831) [453 125 2 4 106 124] (train 694) [453 115 2 3 106 114] [463 115 2 3 116 114] [[(patch 469 123) (patch 469 134) (patch 482 140) (patch 482 142) (patch 462 145)] [(patch 462 145) (patch 289 145)] [(patch 289 145) (patch 263 142) (patch 263 133) (patch 275 109) (patch 291 106)] [(patch 291 106) (patch 464 106)] [(patch 464 106) (patch 482 109) (patch 482 111) (patch 455 113) (patch 463 115)]]]
[]
[[86.00262069704048 43.01996443867564 0 1 85 42] (train 436) [92 41 0 1 91 40] (train 694) [453 115 2 3 106 114] [445 113 2 3 98 112] [[(patch 86 43) (patch 82 53) (patch 77 72)] [(patch 77 72) (patch 423 72)] [(patch 423 72) (patch 424 73) (patch 426 88) (patch 471 93) (patch 471 100) (patch 462 101) (patch 445 113)]]]
[]
[[468.64434132750506 123.20018033704314 2 4 122 122] (train 831) [453 125 2 4 106 124] (train 436) [92 41 0 1 91 40] [102 39 0 1 101 38] [[(patch 469 123) (patch 469 134) (patch 482 140) (patch 482 142) (patch 462 145)] [(patch 462 145) (patch 289 145)] [(patch 289 145) (patch 263 142) (patch 251 74) (patch 251 73) (patch 250 72)] [(patch 250 72) (patch 77 72)] [(patch 77 72) (patch 83 50) (patch 102 39)]]]
[]
[[456.63169658233477 95.83532357624004 2 3 110 95] (train 549) [449 96 2 3 102 95] (train 694) [453 115 2 3 106 114] [446 114 2 3 99 113] [[(patch 457 96) (patch 466 93) (patch 471 93) (patch 471 100) (patch 459 101) (patch 446 114)]]]
[]
[[444.9298433058947 94.90185704618271 2 3 98 94] (train 549) [449 96 2 3 102 95] (train 322) [92 31 0 0 91 30] [104 31 0 0 103 30] [[(patch 445 95) (patch 427 81) (patch 424 74) (patch 424 73) (patch 423 72)] [(patch 423 72) (patch 250 72)] [(patch 250 72) (patch 251 73) (patch 251 74) (patch 254 74) (patch 256 3)] [(patch 256 3) (patch 83 3)] [(patch 83 3) (patch 83 22) (patch 104 31)]]]
[]
[[79.47839354979752 31.871799321188092 0 0 78 31] (train 322) [92 31 0 0 91 30] (train 436) [92 41 0 1 91 40] [92 43 0 1 91 42] [[(patch 79 32) (patch 86 20) (patch 83 6) (patch 83 3)] [(patch 83 3) (patch 256 3)] [(patch 256 3) (patch 254 74) (patch 251 74) (patch 251 73) (patch 250 72)] [(patch 250 72) (patch 77 72)] [(patch 77 72) (patch 83 50) (patch 92 43)]]]
[]
[[507.84920052755496 74.05644809186403 2 3 161 73] (outside 968) [500 73 2 3 153 72] (outside 992) [518 138 2 4 171 137] [518 137 2 4 171 136] [[(patch 508 74) (patch 482 103) (patch 464 106)] [(patch 464 106) (patch 291 106)] [(patch 291 106) (patch 275 109) (patch 275 120) (patch 276 129) (patch 277 134) (patch 313 141) (patch 323 148) (patch 323 151)] [(patch 323 151) (patch 496 151)] [(patch 496 151) (patch 496 148) (patch 518 137)]]]
[]
[[104.83985563283241 31.492472454495406 0 0 104 30] (train 322) [92 31 0 0 91 30] (train 694) [453 115 2 3 106 114] [469 113 2 3 122 112] [[(patch 105 31) (patch 86 20) (patch 83 6) (patch 83 3)] [(patch 83 3) (patch 256 3)] [(patch 256 3) (patch 256 38) (patch 273 67) (patch 292 74)] [(patch 292 74) (patch 465 74)] [(patch 465 74) (patch 476 82) (patch 476 92) (patch 471 100) (patch 462 101) (patch 456 110) (patch 469 113)]]]
[]
[[457.53522387041374 114.99166249579791 2 3 111 114] (train 694) [453 115 2 3 106 114] (train 549) [449 96 2 3 102 95] [437 95 2 3 90 94] [[(patch 458 115) (patch 462 100) (patch 471 100) (patch 471 93) (patch 438 93) (patch 437 95)]]]
[]
[[86.20438339360683 41.09545733774836 0 1 85 40] (train 436) [92 41 0 1 91 40] (outside 968) [500 73 2 3 153 72] [510 74 2 3 163 73] [[(patch 86 41) (patch 82 53) (patch 77 72)] [(patch 77 72) (patch 250 72)] [(patch 250 72) (patch 251 73) (patch 251 74) (patch 292 74)] [(patch 292 74) (patch 465 74)] [(patch 465 74) (patch 510 74)]]]
[]
[[451.30902108771255 115.73235752622794 2 3 104 115] (train 694) [453 115 2 3 106 114] (outside 992) [518 138 2 4 171 137] [518 134 2 4 171 133] [[(patch 451 116) (patch 474 111) (patch 475 111) (patch 482 111) (patch 482 109) (patch 464 106)] [(patch 464 106) (patch 291 106)] [(patch 291 106) (patch 275 109) (patch 275 120) (patch 276 129) (patch 277 134) (patch 313 141) (patch 323 148) (patch 323 151)] [(patch 323 151) (patch 496 151)] [(patch 496 151) (patch 496 148) (patch 518 134)]]]
[]
[[81.82611774356236 30.90491820815231 0 0 81 30] (train 322) [92 31 0 0 91 30] (outside 968) [500 73 2 3 153 72] [505 74 2 3 158 73] [[(patch 82 31) (patch 86 20) (patch 83 6) (patch 83 3)] [(patch 83 3) (patch 256 3)] [(patch 256 3) (patch 256 38) (patch 273 67) (patch 292 74)] [(patch 292 74) (patch 465 74)] [(patch 465 74) (patch 505 74)]]]
[]
[[493.9161679264413 72.28356012528288 2 3 147 71] (outside 968) [500 73 2 3 153 72] (train 831) [453 125 2 4 106 124] [463 125 2 4 116 124] [[(patch 494 72) (patch 482 103) (patch 464 106)] [(patch 464 106) (patch 291 106)] [(patch 291 106) (patch 275 109) (patch 263 140) (patch 263 142) (patch 289 145)] [(patch 289 145) (patch 462 145)] [(patch 462 145) (patch 482 142) (patch 482 140) (patch 463 125)]]]
[]
[[437.7343845768043 114.8384870997238 2 3 91 114] (train 694) [453 115 2 3 106 114] (train 436) [92 41 0 1 91 40] [87 40 0 1 86 39] [[(patch 438 115) (patch 462 100) (patch 471 100) (patch 471 93) (patch 427 81) (patch 424 74) (patch 424 72) (patch 423 72)] [(patch 423 72) (patch 77 72)] [(patch 77 72) (patch 83 50) (patch 86 47) (patch 87 40)]]]
[]
[[467.36650523942916 113.44539015173498 2 3 120 112] (train 694) [453 115 2 3 106 114] (outside 968) [500 73 2 3 153 72] [492 72 2 3 145 71] [[(patch 467 113) (patch 472 111) (patch 482 111) (patch 492 72)]]]
[]
[[469.0423090966774 115.82580159971575 2 3 122 115] (train 694) [453 115 2 3 106 114] (outside 992) [518 138 2 4 171 137] [518 136 2 4 171 135] [[(patch 469 116) (patch 469 112) (patch 475 111) (patch 482 111) (patch 482 109) (patch 464 106)] [(patch 464 106) (patch 291 106)] [(patch 291 106) (patch 275 109) (patch 275 120) (patch 276 129) (patch 277 134) (patch 313 141) (patch 323 148) (patch 323 151)] [(patch 323 151) (patch 496 151)] [(patch 496 151) (patch 496 148) (patch 518 136)]]]
[]
[[439.11539954488927 95.39286559112804 2 3 92 94] (train 549) [449 96 2 3 102 95] (train 322) [92 31 0 0 91 30] [101 29 0 0 100 28] [[(patch 439 95) (patch 427 81) (patch 424 74) (patch 424 73) (patch 423 72)] [(patch 423 72) (patch 250 72)] [(patch 250 72) (patch 251 73) (patch 251 74) (patch 254 74) (patch 256 3)] [(patch 256 3) (patch 83 3)] [(patch 83 3) (patch 83 22) (patch 101 29)]]]
[]
[[517.5516822141989 137.95737981076752 2 4 171 137] (outside 992) [518 138 2 4 171 137] (train 831) [453 125 2 4 106 124] [447 125 2 4 100 124] [[(patch 518 138) (patch 447 125)]]]
[]
[[102.72614225672302 41.903194935115955 0 1 102 41] (train 436) [92 41 0 1 91 40] (outside 992) [518 138 2 4 171 137] [518 145 2 4 171 144] [[(patch 103 42) (patch 82 53) (patch 77 72)] [(patch 77 72) (patch 250 72)] [(patch 250 72) (patch 251 73) (patch 252 80) (patch 277 134) (patch 315 142) (patch 323 148) (patch 323 151)] [(patch 323 151) (patch 496 151)] [(patch 496 151) (patch 496 148) (patch 518 145)]]]
[]
[[468.9065454194269 125.29435823973134 2 4 122 124] (train 831) [453 125 2 4 106 124] (train 436) [92 41 0 1 91 40] [79 43 0 1 78 42] [[(patch 469 125) (patch 469 134) (patch 482 140) (patch 482 142) (patch 462 145)] [(patch 462 145) (patch 289 145)] [(patch 289 145) (patch 263 142) (patch 251 74) (patch 251 73) (patch 250 72)] [(patch 250 72) (patch 77 72)] [(patch 77 72) (patch 83 50) (patch 79 43)]]]
[]
[[446.57537072568323 124.61320407002522 2 4 100 124] (train 831) [453 125 2 4 106 124] (train 436) [92 41 0 1 91 40] [97 41 0 1 96 40] [[(patch 447 125) (patch 482 140) (patch 482 142) (patch 462 145)] [(patch 462 145) (patch 289 145)] [(patch 289 145) (patch 263 142) (patch 251 74) (patch 251 73) (patch 250 72)] [(patch 250 72) (patch 77 72)] [(patch 77 72) (patch 83 50) (patch 97 41)]]]
[]
[[457.4066806295959 124.90655662540593 2 4 110 124] (train 831) [453 125 2 4 106 124] (outside 968) [500 73 2 3 153 72] [506 74 2 3 159 73] [[(patch 457 125) (patch 482 140) (patch 482 142) (patch 462 145)] [(patch 462 145) (patch 289 145)] [(patch 289 145) (patch 263 142) (patch 263 133) (patch 275 109) (patch 291 106)] [(patch 291 106) (patch 464 106)] [(patch 464 106) (patch 482 103) (patch 506 74)]]]
[]
[[451.207924327742 123.72836898494089 2 4 104 123] (train 831) [453 125 2 4 106 124] (train 694) [453 115 2 3 106 114] [465 116 2 3 118 115] [[(patch 451 124) (patch 482 140) (patch 482 142) (patch 462 145)] [(patch 462 145) (patch 289 145)] [(patch 289 145) (patch 263 142) (patch 263 133) (patch 275 109) (patch 291 106)] [(patch 291 106) (patch 464 106)] [(patch 464 106) (patch 482 109) (patch 482 111) (patch 455 113) (patch 465 116)]]]
[]
[[450.60045210456434 125.65863730937961 2 4 104 125] (train 831) [453 125 2 4 106 124] (train 436) [92 41 0 1 91 40] [82 44 0 1 81 43] [[(patch 451 126) (patch 482 140) (patch 482 142) (patch 462 145)] [(patch 462 145) (patch 289 145)] [(patch 289 145) (patch 263 142) (patch 251 74) (patch 251 73) (patch 250 72)] [(patch 250 72) (patch 77 72)] [(patch 77 72) (patch 83 50) (patch 82 44)]]]
[]
[[452.4590605093631 124.83519578449321 2 4 105 124] (train 831) [453 125 2 4 106 124] (train 549) [449 96 2 3 102 95] [455 94 2 3 108 93] [[(patch 452 125) (patch 482 140) (patch 482 142) (patch 462 145)] [(patch 462 145) (patch 289 145)] [(patch 289 145) (patch 263 142) (patch 263 133) (patch 275 109) (patch 291 106)] [(patch 291 106) (patch 464 106)] [(patch 464 106) (patch 482 103) (patch 482 101) (patch 471 93) (patch 452 93) (patch 455 94)]]]
[]
[[82.86895688344524 34.03452840825056 0 0 82 33] (train 322) [92 31 0 0 91 30] (train 549) [449 96 2 3 102 95] [442 96 2 3 95 95] [[(patch 83 34) (patch 86 20) (patch 83 6) (patch 83 3)] [(patch 83 3) (patch 256 3)] [(patch 256 3) (patch 254 74) (patch 251 74) (patch 251 73) (patch 250 72)] [(patch 250 72) (patch 423 72)] [(patch 423 72) (patch 424 73) (patch 424 74) (patch 427 81) (patch 442 96)]]]
[]
[[448.2506124887442 112.93432007045365 2 3 101 112] (train 694) [453 115 2 3 106 114] (train 831) [453 125 2 4 106 124] [461 123 2 4 114 122] [[(patch 448 113) (patch 475 111) (patch 482 111) (patch 482 109) (patch 464 106)] [(patch 464 106) (patch 291 106)] [(patch 291 106) (patch 275 109) (patch 263 140) (patch 263 142) (patch 289 145)] [(patch 289 145) (patch 462 145)] [(patch 462 145) (patch 482 142) (patch 482 140) (patch 461 123)]]]
[]
[[440.8330733562124 125.22500834429096 2 4 94 124] (train 831) [453 125 2 4 106 124] (train 694) [453 115 2 3 106 114] [448 116 2 3 101 115] [[(patch 441 125) (patch 482 140) (patch 482 142) (patch 462 145)] [(patch 462 145) (patch 289 145)] [(patch 289 145) (patch 263 142) (patch 263 133) (patch 275 109) (patch 291 106)] [(patch 291 106) (patch 464 106)] [(patch 464 106) (patch 482 109) (patch 482 111) (patch 455 113) (patch 448 116)]]]
[]
[[453.5202037670358 115.95951403662617 2 3 107 115] (train 694) [453 115 2 3 106 114] (train 436) [92 41 0 1 91 40] [79 41 0 1 78 40] [[(patch 454 116) (patch 462 100) (patch 471 100) (patch 471 93) (patch 427 81) (patch 424 74) (patch 424 72) (patch 423 72)] [(patch 423 72) (patch 77 72)] [(patch 77 72) (patch 83 50) (patch 79 41)]]]
[]
[[90.86398822790441 40.64259278993646 0 1 90 40] (train 436) [92 41 0 1 91 40] (train 831) [453 125 2 4 106 124] [463 126 2 4 116 125] [[(patch 91 41) (patch 82 53) (patch 77 72)] [(patch 77 72) (patch 250 72)] [(patch 250 72) (patch 251 73) (patch 263 142) (patch 289 145)] [(patch 289 145) (patch 462 145)] [(patch 462 145) (patch 482 142) (patch 482 140) (patch 463 126)]]]
[]
[[448.56068987039566 124.90191642032428 2 4 102 124] (train 831) [453 125 2 4 106 124] (train 322) [92 31 0 0 91 30] [88 30 0 0 87 29] [[(patch 449 125) (patch 482 140) (patch 482 142) (patch 462 145)] [(patch 462 145) (patch 289 145)] [(patch 289 145) (patch 263 142) (patch 256 7) (patch 256 3)] [(patch 256 3) (patch 83 3)] [(patch 83 3) (patch 83 22) (patch 88 30)]]]
[]
[[90.65361569000268 32.5159660636514 0 0 90 32] (train 322) [92 31 0 0 91 30] (train 436) [92 41 0 1 91 40] [86 42 0 1 85 41] [[(patch 91 33) (patch 86 20) (patch 83 6) (patch 83 3)] [(patch 83 3) (patch 256 3)] [(patch 256 3) (patch 254 74) (patch 251 74) (patch 251 73) (patch 250 72)] [(patch 250 72) (patch 77 72)] [(patch 77 72) (patch 83 50) (patch 86 42)]]]
[]
[[104.88578063853326 39.89504869896245 0 1 104 39] (train 436) [92 41 0 1 91 40] (train 694) [453 115 2 3 106 114] [462 116 2 3 115 115] [[(patch 105 40) (patch 82 53) (patch 77 72)] [(patch 77 72) (patch 423 72)] [(patch 423 72) (patch 424 73) (patch 426 88) (patch 471 93) (patch 471 100) (patch 462 101) (patch 462 116)]]]
[]
[[448.4807081151066 115.86612911412023 2 3 101 115] (train 694) [453 115 2 3 106 114] (outside 968) [500 73 2 3 153 72] [493 72 2 3 146 71] [[(patch 448 116) (patch 462 101) (patch 471 100) (patch 493 72)]]]
[]
[[449.0248046970485 95.80544447663586 2 3 102 95] (train 549) [449 96 2 3 102 95] (train 831) [453 125 2 4 106 124] [464 124 2 4 117 123] [[(patch 449 96) (patch 466 93) (patch 471 93) (patch 482 101) (patch 482 103) (patch 464 106)] [(patch 464 106) (patch 291 106)] [(patch 291 106) (patch 275 109) (patch 263 140) (patch 263 142) (patch 289 145)] [(patch 289 145) (patch 462 145)] [(patch 462 145) (patch 482 142) (patch 482 140) (patch 464 124)]]]
[]
[[436.0070992407645 125.66302012547658 2 4 89 125] (train 831) [453 125 2 4 106 124] (outside 968) [500 73 2 3 153 72] [505 73 2 3 158 72] [[(patch 436 126) (patch 436 129) (patch 392 139) (patch 392 142) (patch 404 145)] [(patch 404 145) (patch 231 145)] [(patch 231 145) (patch 256 142) (patch 275 109) (patch 291 106)] [(patch 291 106) (patch 464 106)] [(patch 464 106) (patch 482 103) (patch 505 73)]]]
[]
[[441.8053389872397 95.66134788807588 2 3 95 95] (train 549) [449 96 2 3 102 95] (train 694) [453 115 2 3 106 114] [438 115 2 3 91 114] [[(patch 442 96) (patch 467 93) (patch 471 93) (patch 471 100) (patch 450 102) (patch 438 115)]]]
[]
[[442.84386246422 124.55633908709102 2 4 96 124] (train 831) [453 125 2 4 106 124] (train 694) [453 115 2 3 106 114] [466 116 2 3 119 115] [[(patch 443 125) (patch 482 140) (patch 482 142) (patch 462 145)] [(patch 462 145) (patch 289 145)] [(patch 289 145) (patch 263 142) (patch 263 133) (patch 275 109) (patch 291 106)] [(patch 291 106) (patch 464 106)] [(patch 464 106) (patch 482 109) (patch 482 111) (patch 455 113) (patch 466 116)]]]
[]
[[463.30821321751336 96.90010782054988 2 3 116 96] (train 549) [449 96 2 3 102 95] (train 831) [453 125 2 4 106 124] [437 124 2 4 90 123] [[(patch 463 97) (patch 466 93) (patch 471 93) (patch 482 101) (patch 482 103) (patch 464 106)] [(patch 464 106) (patch 291 106)] [(patch 291 106) (patch 266 110) (patch 251 142) (patch 231 145)] [(patch 231 145) (patch 404 145)] [(patch 404 145) (patch 392 142) (patch 392 139) (patch 435 129) (patch 437 124)]]]
[]
[[434.47225829802034 96.03397097140541 2 3 87 95] (train 549) [449 96 2 3 102 95] (outside 968) [500 73 2 3 153 72] [501 73 2 3 154 72] [[(patch 434 96) (patch 467 93) (patch 501 73)]]]
[]
[[450.4793509080305 114.65196266537048 2 3 103 114] (train 694) [453 115 2 3 106 114] (train 436) [92 41 0 1 91 40] [101 41 0 1 100 40] [[(patch 450 115) (patch 462 100) (patch 471 100) (patch 471 93) (patch 427 81) (patch 424 74) (patch 424 72) (patch 423 72)] [(patch 423 72) (patch 77 72)] [(patch 77 72) (patch 83 50) (patch 101 41)]]]
[]
[[99.70235314500839 38.957832542936316 0 1 99 38] (train 436) [92 41 0 1 91 40] (train 549) [449 96 2 3 102 95] [437 96 2 3 90 95] [[(patch 100 39) (patch 82 53) (patch 77 72)] [(patch 77 72) (patch 423 72)] [(patch 423 72) (patch 424 73) (patch 424 74) (patch 427 81) (patch 437 96)]]]
[]
[[445.9339220676827 115.00876728763699 2 3 99 114] (train 694) [453 115 2 3 106 114] (outside 968) [500 73 2 3 153 72] [503 73 2 3 156 72] [[(patch 446 115) (patch 462 101) (patch 476 100) (patch 503 73)]]]
[]
[[92.3616219062287 40.910465373604296 0 1 91 40] (train 436) [92 41 0 1 91 40] (train 322) [92 31 0 0 91 30] [85 33 0 0 84 32] [[(patch 92 41) (patch 82 53) (patch 77 72)] [(patch 77 72) (patch 250 72)] [(patch 250 72) (patch 251 73) (patch 251 74) (patch 254 74) (patch 256 3)] [(patch 256 3) (patch 83 3)] [(patch 83 3) (patch 83 22) (patch 85 33)]]]
[]
[[499.06048081346876 73.44094624562909 2 3 152 72] (outside 968) [500 73 2 3 153 72] (outside 992) [518 138 2 4 171 137] [518 140 2 4 171 139] [[(patch 499 73) (patch 482 103) (patch 464 106)] [(patch 464 106) (patch 291 106)] [(patch 291 106) (patch 275 109) (patch 275 120) (patch 276 129) (patch 277 134) (patch 313 141) (patch 323 148) (patch 323 151)] [(patch 323 151) (patch 496 151)] [(patch 496 151) (patch 496 148) (patch 518 140)]]]
[]
[[440.79999051725514 126.45298192294577 2 4 94 125] (train 831) [453 125 2 4 106 124] (outside 968) [500 73 2 3 153 72] [496 73 2 3 149 72] [[(patch 441 126) (patch 482 140) (patch 482 142) (patch 462 145)] [(patch 462 145) (patch 289 145)] [(patch 289 145) (patch 263 142) (patch 263 133) (patch 275 109) (patch 291 106)] [(patch 291 106) (patch 464 106)] [(patch 464 106) (patch 482 103) (patch 496 73)]]]
[]
[[464.0548817873115 115.26278233475571 2 3 117 114] (train 694) [453 115 2 3 106 114] (outside 992) [518 138 2 4 171 137] [518 134 2 4 171 133] [[(patch 464 115) (patch 469 112) (patch 475 111) (patch 482 111) (patch 482 109) (patch 464 106)] [(patch 464 106) (patch 291 106)] [(patch 291 106) (patch 275 109) (patch 275 120) (patch 276 129) (patch 277 134) (patch 313 141) (patch 323 148) (patch 323 151)] [(patch 323 151) (patch 496 151)] [(patch 496 151) (patch 496 148) (patch 518 134)]]]
[]
[[437.3611835741623 94.08646701195136 2 3 90 93] (train 549) [449 96 2 3 102 95] (outside 992) [518 138 2 4 171 137] [518 143 2 4 171 142] [[(patch 437 94) (patch 427 81) (patch 424 74) (patch 424 73) (patch 423 72)] [(patch 423 72) (patch 250 72)] [(patch 250 72) (patch 251 73) (patch 252 80) (patch 277 134) (patch 315 142) (patch 323 148) (patch 323 151)] [(patch 323 151) (patch 496 151)] [(patch 496 151) (patch 496 148) (patch 518 143)]]]
[]
[[94.76211854633524 31.84304532625297 0 0 94 31] (train 322) [92 31 0 0 91 30] (train 831) [453 125 2 4 106 124] [456 124 2 4 109 123] [[(patch 95 32) (patch 86 20) (patch 83 6) (patch 83 3)] [(patch 83 3) (patch 256 3)] [(patch 256 3) (patch 257 114) (patch 263 142) (patch 289 145)] [(patch 289 145) (patch 462 145)] [(patch 462 145) (patch 482 142) (patch 482 140) (patch 456 124)]]]
[]
[[99.33908022861772 41.23472940305282 0 1 98 40] (train 436) [92 41 0 1 91 40] (outside 992) [518 138 2 4 171 137] [518 131 2 4 171 130] [[(patch 99 41) (patch 82 53) (patch 77 72)] [(patch 77 72) (patch 250 72)] [(patch 250 72) (patch 251 73) (patch 252 80) (patch 277 134) (patch 315 142) (patch 323 148) (patch 323 151)] [(patch 323 151) (patch 496 151)] [(patch 496 151) (patch 496 148) (patch 518 131)]]]
[]
[[454.15932807952254 96.83171340570152 2 3 107 96] (train 549) [449 96 2 3 102 95] (train 322) [92 31 0 0 91 30] [103 30 0 0 102 29] [[(patch 454 97) (patch 427 81) (patch 424 74) (patch 424 73) (patch 423 72)] [(patch 423 72) (patch 250 72)] [(patch 250 72) (patch 251 73) (patch 251 74) (patch 254 74) (patch 256 3)] [(patch 256 3) (patch 83 3)] [(patch 83 3) (patch 83 22) (patch 103 30)]]]
[]
[[79.16615580137781 44.063696915736365 0 1 78 43] (train 436) [92 41 0 1 91 40] (outside 992) [518 138 2 4 171 137] [518 139 2 4 171 138] [[(patch 79 44) (patch 82 53) (patch 77 72)] [(patch 77 72) (patch 250 72)] [(patch 250 72) (patch 251 73) (patch 252 80) (patch 277 134) (patch 315 142) (patch 323 148) (patch 323 151)] [(patch 323 151) (patch 496 151)] [(patch 496 151) (patch 496 148) (patch 518 139)]]]
[]
[[445.5913472064541 115.16215630186201 2 3 99 114] (train 694) [453 115 2 3 106 114] (train 831) [453 125 2 4 106 124] [468 126 2 4 121 125] [[(patch 446 115) (patch 475 111) (patch 482 111) (patch 482 109) (patch 464 106)] [(patch 464 106) (patch 291 106)] [(patch 291 106) (patch 275 109) (patch 263 140) (patch 263 142) (patch 289 145)] [(patch 289 145) (patch 462 145)] [(patch 462 145) (patch 482 142) (patch 482 140) (patch 468 126)]]]
[]
[[466.68794319058344 114.85131351430367 2 3 120 114] (train 694) [453 115 2 3 106 114] (outside 992) [518 138 2 4 171 137] [518 135 2 4 171 134] [[(patch 467 115) (patch 469 112) (patch 475 111) (patch 482 111) (patch 482 109) (patch 464 106)] [(patch 464 106) (patch 291 106)] [(patch 291 106) (patch 275 109) (patch 275 120) (patch 276 129) (patch 277 134) (patch 313 141) (patch 323 148) (patch 323 151)] [(patch 323 151) (patch 496 151)] [(patch 496 151) (patch 496 148) (patch 518 135)]]]
[]
[[444.1683963916924 123.33034345245284 2 4 97 122] (train 831) [453 125 2 4 106 124] (train 322) [92 31 0 0 91 30] [94 30 0 0 93 29] [[(patch 444 123) (patch 482 140) (patch 482 142) (patch 462 145)] [(patch 462 145) (patch 289 145)] [(patch 289 145) (patch 263 142) (patch 256 7) (patch 256 3)] [(patch 256 3) (patch 83 3)] [(patch 83 3) (patch 83 22) (patch 94 30)]]]
[]
[[94.51590589391566 40.14139309405166 0 1 94 39] (train 436) [92 41 0 1 91 40] (train 694) [453 115 2 3 106 114] [438 113 2 3 91 112] [[(patch 95 40) (patch 82 53) (patch 77 72)] [(patch 77 72) (patch 423 72)] [(patch 423 72) (patch 424 73) (patch 426 88) (patch 471 93) (patch 471 100) (patch 462 101) (patch 438 113)]]]
[]
[[459.9216038332667 96.93903391363465 2 3 113 96] (train 549) [449 96 2 3 102 95] (outside 992) [518 138 2 4 171 137] [518 132 2 4 171 131] [[(patch 460 97) (patch 466 93) (patch 471 93) (patch 482 101) (patch 482 103) (patch 464 106)] [(patch 464 106) (patch 291 106)] [(patch 291 106) (patch 275 109) (patch 275 120) (patch 276 129) (patch 277 134) (patch 311 141) (patch 318 148) (patch 318 151)] [(patch 318 151) (patch 491 151)] [(patch 491 151) (patch 491 148) (patch 518 132)]]]
[]
[[447.01102249090565 115.33114602242428 2 3 100 114] (train 694) [453 115 2 3 106 114] (train 322) [92 31 0 0 91 30] [89 31 0 0 88 30] [[(patch 447 115) (patch 462 100) (patch 471 100) (patch 476 84) (patch 476 82) (patch 465 74)] [(patch 465 74) (patch 292 74)] [(patch 292 74) (patch 273 67) (patch 267 54) (patch 256 8) (patch 256 3)] [(patch 256 3) (patch 83 3)] [(patch 83 3) (patch 83 22) (patch 89 31)]]]
[]
[[84.83571854041217 41.62125405293182 0 1 84 41] (train 436) [92 41 0 1 91 40] (outside 968) [500 73 2 3 153 72] [504 73 2 3 157 72] [[(patch 85 42) (patch 82 53) (patch 77 72)] [(patch 77 72) (patch 250 72)] [(patch 250 72) (patch 251 73) (patch 251 74) (patch 292 74)] [(patch 292 74) (patch 465 74)] [(patch 465 74) (patch 504 73)]]]
[]
[[463.04639926865394 122.99153873520397 2 4 116 122] (train 831) [453 125 2 4 106 124] (outside 968) [500 73 2 3 153 72] [508 74 2 3 161 73] [[(patch 463 123) (patch 482 140) (patch 482 142) (patch 462 145)] [(patch 462 145) (patch 289 145)] [(patch 289 145) (patch 263 142) (patch 263 133) (patch 275 109) (patch 291 106)] [(patch 291 106) (patch 464 106)] [(patch 464 106) (patch 482 103) (patch 508 74)]]]
[]
[[86.28538461794685 31.487299007125895 0 0 85 30] (train 322) [92 31 0 0 91 30] (train 436) [92 41 0 1 91 40] [89 42 0 1 88 41] [[(patch 86 31) (patch 86 20) (patch 83 6) (patch 83 3)] [(patch 83 3) (patch 256 3)] [(patch 256 3) (patch 254 74) (patch 251 74) (patch 251 73) (patch 250 72)] [(patch 250 72) (patch 77 72)] [(patch 77 72) (patch 83 50) (patch 89 42)]]]
[]
[[443.0166125202797 96.96021027534732 2 3 96 96] (train 549) [449 96 2 3 102 95] (outside 992) [518 138 2 4 171 137] [518 145 2 4 171 144] [[(patch 443 97) (patch 466 93) (patch 471 93) (patch 482 101) (patch 482 103) (patch 464 106)] [(patch 464 106) (patch 291 106)] [(patch 291 106) (patch 275 109) (patch 275 120) (patch 276 129) (patch 277 134) (patch 313 141) (patch 323 148) (patch 323 151)] [(patch 323 151) (patch 496 151)] [(patch 496 151) (patch 496 148) (patch 518 145)]]]
[]
[[452.99653036880096 96.40483729867628 2 3 106 95] (train 549) [449 96 2 3 102 95] (train 322) [92 31 0 0 91 30] [98 30 0 0 97 29] [[(patch 453 96) (patch 427 81) (patch 424 74) (patch 424 73) (patch 423 72)] [(patch 423 72) (patch 250 72)] [(patch 250 72) (patch 251 73) (patch 251 74) (patch 254 74) (patch 256 3)] [(patch 256 3) (patch 83 3)] [(patch 83 3) (patch 83 22) (patch 98 30)]]]
[]
[[78.92766325708936 33.18423775851817 0 0 78 32] (train 322) [92 31 0 0 91 30] (outside 992) [518 138 2 4 171 137] [518 131 2 4 171 130] [[(patch 79 33) (patch 86 20) (patch 83 6) (patch 83 3)] [(patch 83 3) (patch 256 3)] [(patch 256 3) (patch 256 84) (patch 277 134) (patch 313 141) (patch 323 148) (patch 323 151)] [(patch 323 151) (patch 496 151)] [(patch 496 151) (patch 496 148) (patch 518 131)]]]
[]
[[462.2229171583451 115.32215669486402 2 3 115 114] (train 694) [453 115 2 3 106 114] (outside 992) [518 138 2 4 171 137] [518 141 2 4 171 140] [[(patch 462 115) (patch 472 111) (patch 475 111) (patch 482 111) (patch 482 109) (patch 464 106)] [(patch 464 106) (patch 291 106)] [(patch 291 106) (patch 275 109) (patch 275 120) (patch 276 129) (patch 277 134) (patch 313 141) (patch 323 148) (patch 323 151)] [(patch 323 151) (patch 496 151)] [(patch 496 151) (patch 496 148) (patch 518 141)]]]
[]
[[436.2202982270949 113.14689464180736 2 3 89 112] (train 694) [453 115 2 3 106 114] (train 831) [453 125 2 4 106 124] [466 125 2 4 119 124] [[(patch 436 113) (patch 475 111) (patch 482 111) (patch 482 109) (patch 464 106)] [(patch 464 106) (patch 291 106)] [(patch 291 106) (patch 275 109) (patch 263 140) (patch 263 142) (patch 289 145)] [(patch 289 145) (patch 462 145)] [(patch 462 145) (patch 482 142) (patch 482 140) (patch 466 125)]]]
[]
[[87.96266219464252 32.86660641583718 0 0 87 32] (train 322) [92 31 0 0 91 30] (train 436) [92 41 0 1 91 40] [101 41 0 1 100 40] [[(patch 88 33) (patch 86 20) (patch 83 6) (patch 83 3)] [(patch 83 3) (patch 256 3)] [(patch 256 3) (patch 254 74) (patch 251 74) (patch 251 73) (patch 250 72)] [(patch 250 72) (patch 77 72)] [(patch 77 72) (patch 83 50) (patch 101 41)]]]
[]
[[450.61041092599163 115.10294926660343 2 3 104 114] (train 694) [453 115 2 3 106 114] (train 322) [92 31 0 0 91 30] [84 31 0 0 83 30] [[(patch 451 115) (patch 462 100) (patch 471 100) (patch 476 84) (patch 476 82) (patch 465 74)] [(patch 465 74) (patch 292 74)] [(patch 292 74) (patch 273 67) (patch 267 54) (patch 256 8) (patch 256 3)] [(patch 256 3) (patch 83 3)] [(patch 83 3) (patch 83 22) (patch 84 31)]]]
[]
[[457.96140844851743 113.50094136288557 2 3 111 113] (train 694) [453 115 2 3 106 114] (train 322) [92 31 0 0 91 30] [78 31 0 0 77 30] [[(patch 458 114) (patch 462 100) (patch 471 100) (patch 476 84) (patch 476 82) (patch 465 74)] [(patch 465 74) (patch 292 74)] [(patch 292 74) (patch 273 67) (patch 267 54) (patch 256 8) (patch 256 3)] [(patch 256 3) (patch 83 3)] [(patch 83 3) (patch 83 22) (patch 78 31)]]]
[]
[[83.05946648024263 41.920006104230225 0 1 82 41] (train 436) [92 41 0 1 91 40] (train 831) [453 125 2 4 106 124] [456 126 2 4 109 125] [[(patch 83 42) (patch 82 53) (patch 77 72)] [(patch 77 72) (patch 250 72)] [(patch 250 72) (patch 251 73) (patch 263 142) (patch 289 145)] [(patch 289 145) (patch 462 145)] [(patch 462 145) (patch 482 142) (patch 482 140) (patch 456 126)]]]
[]
[[438.7018800318674 125.31004343302531 2 4 92 124] (train 831) [453 125 2 4 106 124] (train 694) [453 115 2 3 106 114] [465 114 2 3 118 113] [[(patch 439 125) (patch 429 131) (patch 392 139) (patch 392 142) (patch 404 145)] [(patch 404 145) (patch 231 145)] [(patch 231 145) (patch 256 142) (patch 275 109) (patch 291 106)] [(patch 291 106) (patch 464 106)] [(patch 464 106) (patch 482 109) (patch 482 111) (patch 455 113) (patch 465 114)]]]
[]
[[85.68436787203414 33.03598411221333 0 0 85 32] (train 322) [92 31 0 0 91 30] (train 436) [92 41 0 1 91 40] [97 42 0 1 96 41] [[(patch 86 33) (patch 86 20) (patch 83 6) (patch 83 3)] [(patch 83 3) (patch 256 3)] [(patch 256 3) (patch 254 74) (patch 251 74) (patch 251 73) (patch 250 72)] [(patch 250 72) (patch 77 72)] [(patch 77 72) (patch 83 50) (patch 97 42)]]]
[]
[[79.78481109365701 32.862898297250226 0 0 79 32] (train 322) [92 31 0 0 91 30] (train 831) [453 125 2 4 106 124] [439 126 2 4 92 125] [[(patch 80 33) (patch 86 20) (patch 83 6) (patch 83 3)] [(patch 83 3) (patch 256 3)] [(patch 256 3) (patch 253 123) (patch 251 142) (patch 231 145)] [(patch 231 145) (patch 404 145)] [(patch 404 145) (patch 392 142) (patch 392 139) (patch 439 126)]]]
[]
[[464.59297251612054 96.6753867596642 2 3 118 96] (train 549) [449 96 2 3 102 95] (train 694) [453 115 2 3 106 114] [455 115 2 3 108 114] [[(patch 465 97) (patch 466 93) (patch 471 93) (patch 471 100) (patch 462 101) (patch 455 115)]]]
[]
[[104.05353645915827 40.28131433663761 0 1 103 39] (train 436) [92 41 0 1 91 40] (train 831) [453 125 2 4 106 124] [451 125 2 4 104 124] [[(patch 104 40) (patch 82 53) (patch 77 72)] [(patch 77 72) (patch 250 72)] [(patch 250 72) (patch 251 73) (patch 263 142) (patch 289 145)] [(patch 289 145) (patch 462 145)] [(patch 462 145) (patch 482 142) (patch 482 140) (patch 451 125)]]]
[]
[[446.5401984677717 125.13801710495247 2 4 100 124] (train 831) [453 125 2 4 106 124] (train 549) [449 96 2 3 102 95] [442 95 2 3 95 94] [[(patch 447 125) (patch 482 140) (patch 482 142) (patch 462 145)] [(patch 462 145) (patch 289 145)] [(patch 289 145) (patch 263 142) (patch 251 74) (patch 251 73) (patch 250 72)] [(patch 250 72) (patch 423 72)] [(patch 423 72) (patch 424 73) (patch 424 74) (patch 427 81) (patch 442 95)]]]
[]
[[464.6284212969887 123.84276918433757 2 4 118 123] (train 831) [453 125 2 4 106 124] (outside 992) [518 138 2 4 171 137] [518 143 2 4 171 142] [[(patch 465 124) (patch 469 127) (patch 518 143)]]]
[]
[[93.70034100099862 29.944564473425157 0 0 93 29] (train 322) [92 31 0 0 91 30] (train 831) [453 125 2 4 106 124] [439 123 2 4 92 122] [[(patch 94 30) (patch 86 20) (patch 83 6) (patch 83 3)] [(patch 83 3) (patch 256 3)] [(patch 256 3) (patch 253 123) (patch 251 142) (patch 231 145)] [(patch 231 145) (patch 404 145)] [(patch 404 145) (patch 392 142) (patch 392 139) (patch 433 130) (patch 439 123)]]]
[]
[[443.84103729785267 125.19459092264448 2 4 97 124] (train 831) [453 125 2 4 106 124] (train 322) [92 31 0 0 91 30] [89 31 0 0 88 30] [[(patch 444 125) (patch 482 140) (patch 482 142) (patch 462 145)] [(patch 462 145) (patch 289 145)] [(patch 289 145) (patch 263 142) (patch 256 7) (patch 256 3)] [(patch 256 3) (patch 83 3)] [(patch 83 3) (patch 83 22) (patch 89 31)]]]
[]
[[449.78051185970605 125.08337051026555 2 4 103 124] (train 831) [453 125 2 4 106 124] (outside 968) [500 73 2 3 153 72] [507 74 2 3 160 73] [[(patch 450 125) (patch 482 140) (patch 482 142) (patch 462 145)] [(patch 462 145) (patch 289 145)] [(patch 289 145) (patch 263 142) (patch 263 133) (patch 275 109) (patch 291 106)] [(patch 291 106) (patch 464 106)] [(patch 464 106) (patch 482 103) (patch 507 74)]]]
[]
[[464.34517371619967 96.53739681724362 2 3 117 96] (train 549) [449 96 2 3 102 95] (train 694) [453 115 2 3 106 114] [461 115 2 3 114 114] [[(patch 464 97) (patch 466 93) (patch 471 93) (patch 471 101) (patch 462 101) (patch 461 115)]]]
[]
[[91.17713070166563 41.91904477784556 0 1 90 41] (train 436) [92 41 0 1 91 40] (train 694) [453 115 2 3 106 114] [446 116 2 3 99 115] [[(patch 91 42) (patch 82 53) (patch 77 72)] [(patch 77 72) (patch 423 72)] [(patch 423 72) (patch 424 73) (patch 426 88) (patch 471 93) (patch 471 100) (patch 462 101) (patch 446 116)]]]
[]
[[437.13347580314166 124.25745121063902 2 4 90 123] (train 831) [453 125 2 4 106 124] (train 549) [449 96 2 3 102 95] [443 94 2 3 96 93] [[(patch 437 124) (patch 435 129) (patch 392 139) (patch 392 142) (patch 404 145)] [(patch 404 145) (patch 231 145)] [(patch 231 145) (patch 251 142) (patch 251 73) (patch 250 72)] [(patch 250 72) (patch 423 72)] [(patch 423 72) (patch 424 73) (patch 424 74) (patch 427 81) (patch 443 94)]]]
[]
[[467.23221775174557 114.44746551858302 2 3 120 113] (train 694) [453 115 2 3 106 114] (outside 968) [500 73 2 3 153 72] [504 73 2 3 157 72] [[(patch 467 114) (patch 470 111) (patch 482 111) (patch 504 73)]]]
[]
[STAIR 0 [292 74 1 2 118 73] [465 74 2 3 118 73]]
[ELEVATOR 4 [250 72 1 2 76 71] [423 72 2 3 76 71]]
[STAIR 0 [291 106 1 2 117 105] [464 106 2 3 117 105]]
[STAIR 0 [109 11 0 0 108 10] [282 11 1 2 108 10]]
[STAIR 0 [289 145 1 2 115 144] [462 145 2 4 115 144]]
[STAIR 0 [232 106 1 2 58 105] [405 106 2 3 58 105]]
[ELEVATOR 8 [77 72 0 1 76 71] [423 72 2 3 76 71]]
[ELEVATOR 4 [77 72 0 1 76 71] [250 72 1 2 76 71]]
[ELEVATOR 4 [318 151 1 2 144 150] [491 151 2 4 144 150]]
[STAIR 0 [231 145 1 2 57 144] [404 145 2 4 57 144]]
[STAIR 0 [113 58 0 1 112 57] [286 58 1 2 112 57]]
[ELEVATOR 4 [323 151 1 2 149 150] [496 151 2 4 149 150]]
[ELEVATOR 4 [83 3 0 0 82 2] [256 3 1 2 82 2]]
[STAIR 0 [48 18 0 0 47 17] [221 18 1 2 47 17]]
[STAIR 0 [51 64 0 1 50 63] [224 64 1 2 50 63]]
[(train 436) POI [92 41 0 1 91 40]]
[(train 549) POI [449 96 2 3 102 95]]
[(train 831) POI [453 125 2 4 106 124]]
[(train 322) POI [92 31 0 0 91 30]]
[(train 694) POI [453 115 2 3 106 114]]
