[3 153 172 6 150 5 27]
[]
[]
[[448.52754974497395 95.1280359361973 2 3 102 94] (train 789) [435 96 2 3 88 95] (train 1042) [453 115 2 3 106 114] [467 113 2 3 120 112] [[(patch 449 95) (patch 467 93) (patch 471 93) (patch 471 101) (patch 462 101) (patch 462 111) (patch 467 113)]]]
[]
[[81.11538129021618 43.59601120002889 0 1 80 43] (train 556) [77 43 0 1 76 42] (train 1279) [453 125 2 4 106 124] [466 124 2 4 119 123] [[(patch 81 44) (patch 77 72)] [(patch 77 72) (patch 250 72)] [(patch 250 72) (patch 251 73) (patch 263 142) (patch 289 145)] [(patch 289 145) (patch 462 145)] [(patch 462 145) (patch 482 142) (patch 482 140) (patch 466 124)]]]
[]
[[431.28017814692276 123.12462693711704 2 4 84 122] (train 1279) [453 125 2 4 106 124] (outside 1540) [518 138 2 4 171 137] [518 138 2 4 171 137] [[(patch 431 123) (patch 518 138)]]]
[]
[[428.5257291565025 124.33384147166548 2 4 82 123] (train 1279) [453 125 2 4 106 124] (train 322) [77 33 0 0 76 32] [92 30 0 0 91 29] [[(patch 429 124) (patch 407 136) (patch 392 139) (patch 392 142) (patch 404 145)] [(patch 404 145) (patch 231 145)] [(patch 231 145) (patch 251 142) (patch 254 73) (patch 256 3)] [(patch 256 3) (patch 83 3)] [(patch 83 3) (patch 81 11) (patch 92 30)]]]
[]
[[57.8661020043691 35.14253170447733 0 0 57 34] (train 322) [77 33 0 0 76 32] (train 789) [435 96 2 3 88 95] [419 95 2 3 72 94] [[(patch 58 35) (patch 79 22) (patch 83 3)] [(patch 83 3) (patch 256 3)] [(patch 256 3) (patch 254 74) (patch 251 74) (patch 251 73) (patch 250 72)] [(patch 250 72) (patch 423 72)] [(patch 423 72) (patch 424 73) (patch 426 87) (patch 419 95)]]]
[]
[[51.82869992464765 34.37585090879547 0 0 51 33] (train 322) [77 33 0 0 76 32] (train 789) [435 96 2 3 88 95] [442 97 2 3 95 96] [[(patch 52 34) (patch 79 22) (patch 83 3)] [(patch 83 3) (patch 256 3)] [(patch 256 3) (patch 254 74) (patch 251 74) (patch 251 73) (patch 250 72)] [(patch 250 72) (patch 423 72)] [(patch 423 72) (patch 424 73) (patch 426 87) (patch 442 97)]]]
[]
[[425.7708375966521 93.85597284516085 2 3 79 93] (train 789) [435 96 2 3 88 95] (outside 1516) [500 73 2 3 153 72] [490 72 2 3 143 71] [[(patch 426 94) (patch 468 93) (patch 490 73) (patch 490 72)]]]
[]
[[458.0149313387266 115.98218303939004 2 3 111 115] (train 1042) [453 115 2 3 106 114] (outside 1516) [500 73 2 3 153 72] [505 73 2 3 158 72] [[(patch 458 116) (patch 462 101) (patch 480 99) (patch 505 73)]]]
[]
[[418.1351429320032 95.96702642118402 2 3 71 95] (train 789) [435 96 2 3 88 95] (train 1279) [453 125 2 4 106 124] [478 126 2 4 131 125] [[(patch 418 96) (patch 427 81) (patch 424 74) (patch 424 72) (patch 423 72)] [(patch 423 72) (patch 250 72)] [(patch 250 72) (patch 251 73) (patch 263 142) (patch 289 145)] [(patch 289 145) (patch 462 145)] [(patch 462 145) (patch 482 142) (patch 482 140) (patch 478 126)]]]
[]
[[405.8876619132505 96.32639924854242 2 3 59 95] (train 789) [435 96 2 3 88 95] (train 1279) [453 125 2 4 106 124] [460 124 2 4 113 123] [[(patch 406 96) (patch 427 81) (patch 424 74) (patch 424 72) (patch 423 72)] [(patch 423 72) (patch 250 72)] [(patch 250 72) (patch 251 73) (patch 263 142) (patch 289 145)] [(patch 289 145) (patch 462 145)] [(patch 462 145) (patch 482 142) (patch 482 140) (patch 460 124)]]]
[]
[[466.2162896123175 125.82979270785013 2 4 119 125] (train 1279) [453 125 2 4 106 124] (outside 1540) [518 138 2 4 171 137] [518 145 2 4 171 144] [[(patch 466 126) (patch 518 145)]]]
[]
[[490.1810914803407 72.37888019508264 2 3 143 71] (outside 1516) [500 73 2 3 153 72] (train 1042) [453 115 2 3 106 114] [440 114 2 3 93 113] [[(patch 490 72) (patch 490 73) (patch 471 100) (patch 452 102) (patch 440 114)]]]
[]
[[81.74909418176219 30.68264745413363 0 0 81 30] (train 322) [77 33 0 0 76 32] (outside 1540) [518 138 2 4 171 137] [518 136 2 4 171 135] [[(patch 82 31) (patch 83 3)] [(patch 83 3) (patch 256 3)] [(patch 256 3) (patch 256 84) (patch 277 134) (patch 313 141) (patch 323 148) (patch 323 151)] [(patch 323 151) (patch 496 151)] [(patch 496 151) (patch 496 148) (patch 518 136)]]]
[]
[[406.0466947652828 97.02678364002433 2 3 59 96] (train 789) [435 96 2 3 88 95] (train 1042) [453 115 2 3 106 114] [463 113 2 3 116 112] [[(patch 406 97) (patch 467 93) (patch 471 93) (patch 471 101) (patch 462 101) (patch 462 113) (patch 463 113)]]]
[]
[[452.4499225632387 126.0581659721366 2 4 105 125] (train 1279) [453 125 2 4 106 124] (train 322) [77 33 0 0 76 32] [88 30 0 0 87 29] [[(patch 452 126) (patch 482 140) (patch 482 142) (patch 462 145)] [(patch 462 145) (patch 289 145)] [(patch 289 145) (patch 263 142) (patch 256 7) (patch 256 3)] [(patch 256 3) (patch 83 3)] [(patch 83 3) (patch 82 6) (patch 88 30)]]]
[]
[[473.7600264291996 124.93480303911159 2 4 127 124] (train 1279) [453 125 2 4 106 124] (outside 1540) [518 138 2 4 171 137] [518 133 2 4 171 132] [[(patch 474 125) (patch 482 127) (patch 518 133)]]]
[]
[[79.65557999669521 31.66523999723276 0 0 79 31] (train 322) [77 33 0 0 76 32] (outside 1516) [500 73 2 3 153 72] [506 74 2 3 159 73] [[(patch 80 32) (patch 83 3)] [(patch 83 3) (patch 256 3)] [(patch 256 3) (patch 256 39) (patch 273 67) (patch 292 74)] [(patch 292 74) (patch 465 74)] [(patch 465 74) (patch 506 74)]]]
[]
[[452.5944993763081 114.88216257405197 2 3 106 114] (train 1042) [453 115 2 3 106 114] (train 789) [435 96 2 3 88 95] [452 94 2 3 105 93] [[(patch 453 115) (patch 462 100) (patch 471 100) (patch 471 93) (patch 452 93) (patch 452 94)]]]
[]
[[445.0358422276866 94.85935363782278 2 3 98 94] (train 789) [435 96 2 3 88 95] (train 1279) [453 125 2 4 106 124] [459 126 2 4 112 125] [[(patch 445 95) (patch 427 81) (patch 424 74) (patch 424 72) (patch 423 72)] [(patch 423 72) (patch 250 72)] [(patch 250 72) (patch 251 73) (patch 263 142) (patch 289 145)] [(patch 289 145) (patch 462 145)] [(patch 462 145) (patch 482 142) (patch 482 140) (patch 459 126)]]]
[]
[[494.7351783221116 72.15347733074327 2 3 148 71] (outside 1516) [500 73 2 3 153 72] (train 1279) [453 125 2 4 106 124] [457 124 2 4 110 123] [[(patch 495 72) (patch 482 103) (patch 464 106)] [(patch 464 106) (patch 291 106)] [(patch 291 106) (patch 275 109) (patch 263 140) (patch 263 142) (patch 289 145)] [(patch 289 145) (patch 462 145)] [(patch 462 145) (patch 482 142) (patch 482 140) (patch 457 124)]]]
[]
[[417.0020765472342 96.67142399738212 2 3 70 96] (train 789) [435 96 2 3 88 95] (outside 1516) [500 73 2 3 153 72] [501 73 2 3 154 72] [[(patch 417 97) (patch 467 93) (patch 501 73)]]]
[]
[[467.3716561941115 125.59085492013583 2 4 120 125] (train 1279) [453 125 2 4 106 124] (outside 1516) [500 73 2 3 153 72] [492 72 2 3 145 71] [[(patch 467 126) (patch 482 140) (patch 482 142) (patch 462 145)] [(patch 462 145) (patch 289 145)] [(patch 289 145) (patch 263 142) (patch 263 133) (patch 275 109) (patch 291 106)] [(patch 291 106) (patch 464 106)] [(patch 464 106) (patch 482 103) (patch 492 72)]]]
[]
[[443.7981880580656 123.2850397295874 2 4 97 122] (train 1279) [453 125 2 4 106 124] (train 322) [77 33 0 0 76 32] [88 30 0 0 87 29] [[(patch 444 123) (patch 392 139) (patch 392 142) (patch 404 145)] [(patch 404 145) (patch 231 145)] [(patch 231 145) (patch 251 142) (patch 254 73) (patch 256 3)] [(patch 256 3) (patch 83 3)] [(patch 83 3) (patch 82 6) (patch 88 30)]]]
[]
[[469.6242808887068 115.53784263785673 2 3 123 115] (train 1042) [453 115 2 3 106 114] (outside 1540) [518 138 2 4 171 137] [518 140 2 4 171 139] [[(patch 470 116) (patch 482 111) (patch 482 109) (patch 464 106)] [(patch 464 106) (patch 291 106)] [(patch 291 106) (patch 275 109) (patch 275 120) (patch 276 129) (patch 277 134) (patch 313 141) (patch 323 148) (patch 323 151)] [(patch 323 151) (patch 496 151)] [(patch 496 151) (patch 496 148) (patch 518 140)]]]
[]
[[428.73692045931966 114.12286310204918 2 3 82 113] (train 1042) [453 115 2 3 106 114] (outside 1516) [500 73 2 3 153 72] [506 74 2 3 159 73] [[(patch 429 114) (patch 462 101) (patch 482 99) (patch 506 74)]]]
[]
[[66.67265265415536 43.86389261596721 0 1 66 43] (train 556) [77 43 0 1 76 42] (train 1042) [453 115 2 3 106 114] [459 114 2 3 112 113] [[(patch 67 44) (patch 77 60) (patch 77 72)] [(patch 77 72) (patch 423 72)] [(patch 423 72) (patch 424 73) (patch 426 88) (patch 471 93) (patch 471 100) (patch 462 101) (patch 459 114)]]]
[]
[[417.80796899854545 94.13026700634629 2 3 71 93] (train 789) [435 96 2 3 88 95] (train 1042) [453 115 2 3 106 114] [433 115 2 3 86 114] [[(patch 418 94) (patch 469 93) (patch 471 93) (patch 471 100) (patch 444 103) (patch 433 115)]]]
[]
[[466.04817432745887 123.73114381598663 2 4 119 123] (train 1279) [453 125 2 4 106 124] (train 1042) [453 115 2 3 106 114] [431 115 2 3 84 114] [[(patch 466 124) (patch 482 140) (patch 482 142) (patch 462 145)] [(patch 462 145) (patch 289 145)] [(patch 289 145) (patch 263 142) (patch 263 133) (patch 275 109) (patch 291 106)] [(patch 291 106) (patch 464 106)] [(patch 464 106) (patch 482 109) (patch 482 111) (patch 431 115)]]]
[]
[[462.0143681854804 123.47305901593731 2 4 115 122] (train 1279) [453 125 2 4 106 124] (train 556) [77 43 0 1 76 42] [59 47 0 1 58 46] [[(patch 462 123) (patch 482 140) (patch 482 142) (patch 462 145)] [(patch 462 145) (patch 289 145)] [(patch 289 145) (patch 263 142) (patch 251 74) (patch 251 72) (patch 250 72)] [(patch 250 72) (patch 77 72)] [(patch 77 72) (patch 77 56) (patch 59 47)]]]
[]
[[52.827592315270465 44.7942277500187 0 1 52 44] (train 556) [77 43 0 1 76 42] (outside 1516) [500 73 2 3 153 72] [510 74 2 3 163 73] [[(patch 53 45) (patch 77 56) (patch 77 72)] [(patch 77 72) (patch 250 72)] [(patch 250 72) (patch 251 73) (patch 251 74) (patch 292 74)] [(patch 292 74) (patch 465 74)] [(patch 465 74) (patch 510 74)]]]
[]
[[436.579632754427 94.06203091210894 2 3 90 93] (train 789) [435 96 2 3 88 95] (outside 1516) [500 73 2 3 153 72] [502 73 2 3 155 72] [[(patch 437 94) (patch 468 93) (patch 502 73)]]]
[]
[[476.35955104789286 115.38901744957559 2 3 129 114] (train 1042) [453 115 2 3 106 114] (train 789) [435 96 2 3 88 95] [433 95 2 3 86 94] [[(patch 476 115) (patch 482 111) (patch 482 101) (patch 471 93) (patch 434 93) (patch 433 95)]]]
[]
[[433.53261292518835 115.33984792046118 2 3 87 114] (train 1042) [453 115 2 3 106 114] (train 322) [77 33 0 0 76 32] [80 34 0 0 79 33] [[(patch 434 115) (patch 462 100) (patch 471 100) (patch 476 84) (patch 476 82) (patch 465 74)] [(patch 465 74) (patch 292 74)] [(patch 292 74) (patch 273 67) (patch 267 54) (patch 256 8) (patch 256 3)] [(patch 256 3) (patch 83 3)] [(patch 83 3) (patch 80 34)]]]
[]
[[87.29557131931287 31.781784401865472 0 0 86 31] (train 322) [77 33 0 0 76 32] (outside 1516) [500 73 2 3 153 72] [491 72 2 3 144 71] [[(patch 87 32) (patch 83 5) (patch 83 3)] [(patch 83 3) (patch 256 3)] [(patch 256 3) (patch 256 39) (patch 273 67) (patch 292 74)] [(patch 292 74) (patch 465 74)] [(patch 465 74) (patch 490 73) (patch 491 72)]]]
[]
[[63.73232281585072 43.51774218152456 0 1 63 43] (train 556) [77 43 0 1 76 42] (train 1279) [453 125 2 4 106 124] [473 124 2 4 126 123] [[(patch 64 44) (patch 77 58) (patch 77 72)] [(patch 77 72) (patch 250 72)] [(patch 250 72) (patch 251 73) (patch 263 142) (patch 289 145)] [(patch 289 145) (patch 462 145)] [(patch 462 145) (patch 482 142) (patch 482 140) (patch 473 124)]]]
[]
[[460.24083232591215 114.08283796042988 2 3 113 113] (train 1042) [453 115 2 3 106 114] (outside 1516) [500 73 2 3 153 72] [495 72 2 3 148 71] [[(patch 460 114) (patch 462 101) (patch 471 100) (patch 495 72)]]]
[]
[[70.68010644644225 42.58479699586386 0 1 70 42] (train 556) [77 43 0 1 76 42] (train 1042) [453 115 2 3 106 114] [424 114 2 3 77 113] [[(patch 71 43) (patch 77 68) (patch 77 72)] [(patch 77 72) (patch 423 72)] [(patch 423 72) (patch 424 73) (patch 426 88) (patch 471 93) (patch 471 100) (patch 462 101) (patch 424 114)]]]
[]
[[455.4393075015016 94.5474490459038 2 3 108 94] (train 789) [435 96 2 3 88 95] (outside 1516) [500 73 2 3 153 72] [490 72 2 3 143 71] [[(patch 455 95) (patch 466 93) (patch 490 73) (patch 490 72)]]]
[]
[[70.07625550034311 32.383189103809435 0 0 69 31] (train 322) [77 33 0 0 76 32] (train 556) [77 43 0 1 76 42] [96 42 0 1 95 41] [[(patch 70 32) (patch 80 19) (patch 83 3)] [(patch 83 3) (patch 256 3)] [(patch 256 3) (patch 254 74) (patch 251 74) (patch 251 73) (patch 250 72)] [(patch 250 72) (patch 77 72)] [(patch 77 72) (patch 77 57) (patch 96 42)]]]
[]
[[93.18031711907169 41.09965509421771 0 1 92 40] (train 556) [77 43 0 1 76 42] (train 1042) [453 115 2 3 106 114] [425 114 2 3 78 113] [[(patch 93 41) (patch 77 59) (patch 77 72)] [(patch 77 72) (patch 423 72)] [(patch 423 72) (patch 424 73) (patch 426 88) (patch 471 93) (patch 471 100) (patch 462 101) (patch 425 114)]]]
[]
[[86.644537930363 41.88907323729808 0 1 86 41] (train 556) [77 43 0 1 76 42] (outside 1516) [500 73 2 3 153 72] [492 72 2 3 145 71] [[(patch 87 42) (patch 77 65) (patch 77 72)] [(patch 77 72) (patch 250 72)] [(patch 250 72) (patch 251 73) (patch 251 74) (patch 292 74)] [(patch 292 74) (patch 465 74)] [(patch 465 74) (patch 490 73) (patch 492 72)]]]
[]
[[463.9122271266248 115.24986129835592 2 3 117 114] (train 1042) [453 115 2 3 106 114] (outside 1516) [500 73 2 3 153 72] [492 72 2 3 145 71] [[(patch 464 115) (patch 482 111) (patch 492 72)]]]
[]
[[419.5682045304578 96.79229785613647 2 3 73 96] (train 789) [435 96 2 3 88 95] (train 322) [77 33 0 0 76 32] [48 36 0 0 47 35] [[(patch 420 97) (patch 427 81) (patch 424 74) (patch 424 72) (patch 423 72)] [(patch 423 72) (patch 250 72)] [(patch 250 72) (patch 251 73) (patch 251 74) (patch 254 74) (patch 256 3)] [(patch 256 3) (patch 83 3)] [(patch 83 3) (patch 79 22) (patch 48 36)]]]
[]
[[448.1641009909157 125.79248978990564 2 4 101 125] (train 1279) [453 125 2 4 106 124] (train 1042) [453 115 2 3 106 114] [475 113 2 3 128 112] [[(patch 448 126) (patch 482 140) (patch 482 142) (patch 462 145)] [(patch 462 145) (patch 289 145)] [(patch 289 145) (patch 263 142) (patch 263 133) (patch 275 109) (patch 291 106)] [(patch 291 106) (patch 464 106)] [(patch 464 106) (patch 482 109) (patch 482 111) (patch 475 113)]]]
[]
[[59.7926313352248 46.72373496214774 0 1 59 46] (train 556) [77 43 0 1 76 42] (train 789) [435 96 2 3 88 95] [407 97 2 3 60 96] [[(patch 60 47) (patch 77 57) (patch 77 72)] [(patch 77 72) (patch 423 72)] [(patch 423 72) (patch 424 73) (patch 426 87) (patch 407 97)]]]
[]
[[419.3205254018258 94.44319083220837 2 3 72 93] (train 789) [435 96 2 3 88 95] (train 1279) [453 125 2 4 106 124] [464 126 2 4 117 125] [[(patch 419 94) (patch 427 81) (patch 424 74) (patch 424 72) (patch 423 72)] [(patch 423 72) (patch 250 72)] [(patch 250 72) (patch 251 73) (patch 263 142) (patch 289 145)] [(patch 289 145) (patch 462 145)] [(patch 462 145) (patch 482 142) (patch 482 140) (patch 464 126)]]]
[]
[[454.2141570978635 96.69294167263313 2 3 107 96] (train 789) [435 96 2 3 88 95] (train 1042) [453 115 2 3 106 114] [457 116 2 3 110 115] [[(patch 454 97) (patch 466 93) (patch 471 93) (patch 471 101) (patch 462 101) (patch 457 116)]]]
[]
[[466.46360547368846 125.68653960338581 2 4 119 125] (train 1279) [453 125 2 4 106 124] (train 322) [77 33 0 0 76 32] [53 35 0 0 52 34] [[(patch 466 126) (patch 482 140) (patch 482 142) (patch 462 145)] [(patch 462 145) (patch 289 145)] [(patch 289 145) (patch 263 142) (patch 256 7) (patch 256 3)] [(patch 256 3) (patch 83 3)] [(patch 83 3) (patch 79 22) (patch 53 35)]]]
[]
[[455.73285554507413 96.42246254366124 2 3 109 95] (train 789) [435 96 2 3 88 95] (outside 1516) [500 73 2 3 153 72] [510 74 2 3 163 73] [[(patch 456 96) (patch 510 74)]]]
[]
[[435.6445346230107 126.03220200885538 2 4 89 125] (train 1279) [453 125 2 4 106 124] (train 789) [435 96 2 3 88 95] [408 94 2 3 61 93] [[(patch 436 126) (patch 392 139) (patch 392 142) (patch 404 145)] [(patch 404 145) (patch 231 145)] [(patch 231 145) (patch 251 142) (patch 251 73) (patch 250 72)] [(patch 250 72) (patch 423 72)] [(patch 423 72) (patch 424 73) (patch 426 87) (patch 408 94)]]]
[]
[[424.6181848792418 123.82907806891828 2 4 78 123] (train 1279) [453 125 2 4 106 124] (train 1042) [453 115 2 3 106 114] [447 113 2 3 100 112] [[(patch 425 124) (patch 422 132) (patch 392 139) (patch 392 142) (patch 404 145)] [(patch 404 145) (patch 231 145)] [(patch 231 145) (patch 255 142) (patch 275 109) (patch 291 106)] [(patch 291 106) (patch 464 106)] [(patch 464 106) (patch 482 109) (patch 482 111) (patch 447 113)]]]
[]
[[475.7602175811044 126.19284024368778 2 4 129 125] (train 1279) [453 125 2 4 106 124] (train 322) [77 33 0 0 76 32] [87 31 0 0 86 30] [[(patch 476 126) (patch 482 140) (patch 482 142) (patch 462 145)] [(patch 462 145) (patch 289 145)] [(patch 289 145) (patch 263 142) (patch 256 7) (patch 256 3)] [(patch 256 3) (patch 83 3)] [(patch 83 3) (patch 82 6) (patch 87 31)]]]
[]
[[471.73394677028904 115.87254087768225 2 3 125 115] (train 1042) [453 115 2 3 106 114] (train 789) [435 96 2 3 88 95] [409 97 2 3 62 96] [[(patch 472 116) (patch 462 111) (patch 462 100) (patch 471 100) (patch 471 93) (patch 412 93) (patch 409 97)]]]
[]
[[429.0325376902578 94.47380868861377 2 3 82 93] (train 789) [435 96 2 3 88 95] (outside 1516) [500 73 2 3 153 72] [492 72 2 3 145 71] [[(patch 429 94) (patch 468 93) (patch 492 72)]]]
[]
[[70.89047580606379 34.94871242604393 0 0 70 34] (train 322) [77 33 0 0 76 32] (outside 1540) [518 138 2 4 171 137] [518 145 2 4 171 144] [[(patch 71 35) (patch 80 18) (patch 83 3)] [(patch 83 3) (patch 256 3)] [(patch 256 3) (patch 256 84) (patch 277 134) (patch 313 141) (patch 323 148) (patch 323 151)] [(patch 323 151) (patch 496 151)] [(patch 496 151) (patch 496 148) (patch 518 145)]]]
[]
[[426.3247571393188 95.13159881417526 2 3 79 94] (train 789) [435 96 2 3 88 95] (outside 1540) [518 138 2 4 171 137] [518 140 2 4 171 139] [[(patch 426 95) (patch 427 81) (patch 424 74) (patch 424 72) (patch 423 72)] [(patch 423 72) (patch 250 72)] [(patch 250 72) (patch 251 73) (patch 252 81) (patch 277 134) (patch 313 141) (patch 323 148) (patch 323 151)] [(patch 323 151) (patch 496 151)] [(patch 496 151) (patch 496 148) (patch 518 140)]]]
[]
[[414.1069536737094 94.57965447312436 2 3 67 94] (train 789) [435 96 2 3 88 95] (outside 1540) [518 138 2 4 171 137] [518 144 2 4 171 143] [[(patch 414 95) (patch 427 81) (patch 424 74) (patch 424 72) (patch 423 72)] [(patch 423 72) (patch 250 72)] [(patch 250 72) (patch 251 73) (patch 252 81) (patch 277 134) (patch 313 141) (patch 323 148) (patch 323 151)] [(patch 323 151) (patch 496 151)] [(patch 496 151) (patch 496 148) (patch 518 144)]]]
[]
[[404.13927031888534 96.78431851624404 2 3 57 96] (train 789) [435 96 2 3 88 95] (outside 1540) [518 138 2 4 171 137] [518 139 2 4 171 138] [[(patch 404 97) (patch 427 81) (patch 424 74) (patch 424 72) (patch 423 72)] [(patch 423 72) (patch 250 72)] [(patch 250 72) (patch 251 73) (patch 252 81) (patch 277 134) (patch 313 141) (patch 323 148) (patch 323 151)] [(patch 323 151) (patch 496 151)] [(patch 496 151) (patch 496 148) (patch 518 139)]]]
[]
[[427.21996395447223 123.75997981996315 2 4 80 123] (train 1279) [453 125 2 4 106 124] (outside 1516) [500 73 2 3 153 72] [494 72 2 3 147 71] [[(patch 427 124) (patch 416 134) (patch 392 139) (patch 392 142) (patch 404 145)] [(patch 404 145) (patch 231 145)] [(patch 231 145) (patch 255 142) (patch 275 109) (patch 291 106)] [(patch 291 106) (patch 464 106)] [(patch 464 106) (patch 482 103) (patch 494 72)]]]
[]
[[517.9969536854034 140.89546956432991 2 4 171 140] (outside 1540) [518 138 2 4 171 137] (train 556) [77 43 0 1 76 42] [55 46 0 1 54 45] [[(patch 518 141) (patch 496 148) (patch 496 151)] [(patch 496 151) (patch 323 151)] [(patch 323 151) (patch 323 145) (patch 313 136) (patch 290 135) (patch 277 134) (patch 251 74) (patch 251 72) (patch 250 72)] [(patch 250 72) (patch 77 72)] [(patch 77 72) (patch 77 56) (patch 55 46)]]]
[]
[[517.8332152702995 142.67555273098586 2 4 171 142] (outside 1540) [518 138 2 4 171 137] (train 322) [77 33 0 0 76 32] [53 37 0 0 52 36] [[(patch 518 143) (patch 462 145)] [(patch 462 145) (patch 289 145)] [(patch 289 145) (patch 263 142) (patch 256 7) (patch 256 3)] [(patch 256 3) (patch 83 3)] [(patch 83 3) (patch 79 21) (patch 53 37)]]]
[]
[[59.45304112267793 36.58769718973049 0 0 58 36] (train 322) [77 33 0 0 76 32] (train 1042) [453 115 2 3 106 114] [472 115 2 3 125 114] [[(patch 59 37) (patch 80 20) (patch 83 3)] [(patch 83 3) (patch 256 3)] [(patch 256 3) (patch 256 72) (patch 273 103) (patch 291 106)] [(patch 291 106) (patch 464 106)] [(patch 464 106) (patch 482 109) (patch 482 111) (patch 472 115)]]]
[]
[[457.4865964462008 115.95209110234768 2 3 110 115] (train 1042) [453 115 2 3 106 114] (train 1279) [453 125 2 4 106 124] [438 125 2 4 91 124] [[(patch 457 116) (patch 482 111) (patch 482 109) (patch 464 106)] [(patch 464 106) (patch 291 106)] [(patch 291 106) (patch 265 111) (patch 251 142) (patch 231 145)] [(patch 231 145) (patch 404 145)] [(patch 404 145) (patch 392 142) (patch 392 139) (patch 438 125)]]]
[]
[[435.904834343075 95.02265303652338 2 3 89 94] (train 789) [435 96 2 3 88 95] (train 1042) [453 115 2 3 106 114] [449 116 2 3 102 115] [[(patch 436 95) (patch 467 93) (patch 471 93) (patch 471 100) (patch 462 101) (patch 449 116)]]]
[]
[[95.66798725738893 40.57861237257927 0 1 95 40] (train 556) [77 43 0 1 76 42] (train 1279) [453 125 2 4 106 124] [438 123 2 4 91 122] [[(patch 96 41) (patch 77 57) (patch 77 72)] [(patch 77 72) (patch 250 72)] [(patch 250 72) (patch 251 73) (patch 251 142) (patch 231 145)] [(patch 231 145) (patch 404 145)] [(patch 404 145) (patch 392 142) (patch 392 139) (patch 438 123)]]]
[]
[[94.6868478754455 32.51688742981445 0 0 94 32] (train 322) [77 33 0 0 76 32] (outside 1540) [518 138 2 4 171 137] [518 136 2 4 171 135] [[(patch 95 33) (patch 81 12) (patch 83 3)] [(patch 83 3) (patch 256 3)] [(patch 256 3) (patch 256 84) (patch 277 134) (patch 313 141) (patch 323 148) (patch 323 151)] [(patch 323 151) (patch 496 151)] [(patch 496 151) (patch 496 148) (patch 518 136)]]]
[]
[[455.66736881897 123.81066598238522 2 4 109 123] (train 1279) [453 125 2 4 106 124] (train 556) [77 43 0 1 76 42] [69 46 0 1 68 45] [[(patch 456 124) (patch 482 140) (patch 482 142) (patch 462 145)] [(patch 462 145) (patch 289 145)] [(patch 289 145) (patch 263 142) (patch 251 74) (patch 251 72) (patch 250 72)] [(patch 250 72) (patch 77 72)] [(patch 77 72) (patch 77 61) (patch 69 46)]]]
[]
[[472.4064933144886 125.99242328251466 2 4 125 125] (train 1279) [453 125 2 4 106 124] (outside 1516) [500 73 2 3 153 72] [503 73 2 3 156 72] [[(patch 472 126) (patch 482 140) (patch 482 142) (patch 462 145)] [(patch 462 145) (patch 289 145)] [(patch 289 145) (patch 263 142) (patch 263 133) (patch 275 109) (patch 291 106)] [(patch 291 106) (patch 464 106)] [(patch 464 106) (patch 482 103) (patch 503 73)]]]
[]
[[92.34188916005692 42.72100423792723 0 1 91 42] (train 556) [77 43 0 1 76 42] (train 1042) [453 115 2 3 106 114] [446 116 2 3 99 115] [[(patch 92 43) (patch 77 58) (patch 77 72)] [(patch 77 72) (patch 423 72)] [(patch 423 72) (patch 424 73) (patch 426 88) (patch 471 93) (patch 471 100) (patch 462 101) (patch 446 116)]]]
[]
[[447.5195931652712 123.80046950093045 2 4 101 123] (train 1279) [453 125 2 4 106 124] (outside 1516) [500 73 2 3 153 72] [500 73 2 3 153 72] [[(patch 448 124) (patch 482 140) (patch 482 142) (patch 462 145)] [(patch 462 145) (patch 289 145)] [(patch 289 145) (patch 263 142) (patch 263 133) (patch 275 109) (patch 291 106)] [(patch 291 106) (patch 464 106)] [(patch 464 106) (patch 482 103) (patch 500 73)]]]
[]
[[424.32752389074346 124.65008825177352 2 4 77 124] (train 1279) [453 125 2 4 106 124] (outside 1516) [500 73 2 3 153 72] [499 73 2 3 152 72] [[(patch 424 125) (patch 424 132) (patch 392 139) (patch 392 142) (patch 404 145)] [(patch 404 145) (patch 231 145)] [(patch 231 145) (patch 255 142) (patch 275 109) (patch 291 106)] [(patch 291 106) (patch 464 106)] [(patch 464 106) (patch 482 103) (patch 499 73)]]]
[]
[[67.22311595599072 45.934413807473874 0 1 66 45] (train 556) [77 43 0 1 76 42] (train 1279) [453 125 2 4 106 124] [441 126 2 4 94 125] [[(patch 67 46) (patch 77 59) (patch 77 72)] [(patch 77 72) (patch 250 72)] [(patch 250 72) (patch 251 73) (patch 251 142) (patch 231 145)] [(patch 231 145) (patch 404 145)] [(patch 404 145) (patch 392 142) (patch 392 139) (patch 441 126)]]]
[]
[[51.46072225911656 34.21751289611922 0 0 50 33] (train 322) [77 33 0 0 76 32] (outside 1540) [518 138 2 4 171 137] [518 132 2 4 171 131] [[(patch 51 34) (patch 79 22) (patch 83 3)] [(patch 83 3) (patch 256 3)] [(patch 256 3) (patch 256 84) (patch 277 134) (patch 313 141) (patch 323 148) (patch 323 151)] [(patch 323 151) (patch 496 151)] [(patch 496 151) (patch 496 148) (patch 518 132)]]]
[]
[[439.1846471303205 124.55452201942329 2 4 92 124] (train 1279) [453 125 2 4 106 124] (outside 1516) [500 73 2 3 153 72] [498 73 2 3 151 72] [[(patch 439 125) (patch 392 139) (patch 392 142) (patch 404 145)] [(patch 404 145) (patch 231 145)] [(patch 231 145) (patch 255 142) (patch 275 109) (patch 291 106)] [(patch 291 106) (patch 464 106)] [(patch 464 106) (patch 482 103) (patch 498 73)]]]
[]
[[462.98259785501506 125.5150027449576 2 4 116 125] (train 1279) [453 125 2 4 106 124] (train 322) [77 33 0 0 76 32] [83 31 0 0 82 30] [[(patch 463 126) (patch 482 140) (patch 482 142) (patch 462 145)] [(patch 462 145) (patch 289 145)] [(patch 289 145) (patch 263 142) (patch 256 7) (patch 256 3)] [(patch 256 3) (patch 83 3)] [(patch 83 3) (patch 83 31)]]]
[]
[[72.44181624105161 33.68553940907889 0 0 71 33] (train 322) [77 33 0 0 76 32] (outside 1516) [500 73 2 3 153 72] [490 72 2 3 143 71] [[(patch 72 34) (patch 81 15) (patch 83 3)] [(patch 83 3) (patch 256 3)] [(patch 256 3) (patch 256 39) (patch 273 67) (patch 292 74)] [(patch 292 74) (patch 465 74)] [(patch 465 74) (patch 490 73) (patch 490 72)]]]
[]
[[52.883955907533284 47.25515101252928 0 1 52 46] (train 556) [77 43 0 1 76 42] (train 789) [435 96 2 3 88 95] [415 95 2 3 68 94] [[(patch 53 47) (patch 77 56) (patch 77 72)] [(patch 77 72) (patch 423 72)] [(patch 423 72) (patch 424 73) (patch 426 87) (patch 415 95)]]]
[]
[[444.32545203710157 114.24467852094264 2 3 97 113] (train 1042) [453 115 2 3 106 114] (train 1279) [453 125 2 4 106 124] [429 123 2 4 82 122] [[(patch 444 114) (patch 482 111) (patch 482 109) (patch 464 106)] [(patch 464 106) (patch 291 106)] [(patch 291 106) (patch 265 111) (patch 251 142) (patch 231 145)] [(patch 231 145) (patch 404 145)] [(patch 404 145) (patch 392 142) (patch 392 139) (patch 414 134) (patch 429 123)]]]
[]
[[55.81970385789459 45.75024647296023 0 1 55 45] (train 556) [77 43 0 1 76 42] (train 1042) [453 115 2 3 106 114] [469 116 2 3 122 115] [[(patch 56 46) (patch 77 56) (patch 77 72)] [(patch 77 72) (patch 250 72)] [(patch 250 72) (patch 251 73) (patch 251 74) (patch 273 103) (patch 291 106)] [(patch 291 106) (patch 464 106)] [(patch 464 106) (patch 482 109) (patch 482 111) (patch 469 116)]]]
[]
[[75.67998065977433 45.08518502630471 0 1 75 44] (train 556) [77 43 0 1 76 42] (train 789) [435 96 2 3 88 95] [439 95 2 3 92 94] [[(patch 76 45) (patch 77 70) (patch 77 72)] [(patch 77 72) (patch 423 72)] [(patch 423 72) (patch 424 73) (patch 426 87) (patch 439 95)]]]
[]
[[452.42773275181486 93.8320359724436 2 3 105 93] (train 789) [435 96 2 3 88 95] (train 322) [77 33 0 0 76 32] [88 32 0 0 87 31] [[(patch 452 94) (patch 427 81) (patch 424 74) (patch 424 72) (patch 423 72)] [(patch 423 72) (patch 250 72)] [(patch 250 72) (patch 251 73) (patch 251 74) (patch 254 74) (patch 256 3)] [(patch 256 3) (patch 83 3)] [(patch 83 3) (patch 82 6) (patch 88 32)]]]
[]
[[461.4407720919802 115.30710025283845 2 3 114 114] (train 1042) [453 115 2 3 106 114] (train 556) [77 43 0 1 76 42] [80 43 0 1 79 42] [[(patch 461 115) (patch 462 100) (patch 471 100) (patch 471 93) (patch 427 81) (patch 424 74) (patch 424 72) (patch 423 72)] [(patch 423 72) (patch 77 72)] [(patch 77 72) (patch 80 43)]]]
[]
[[443.9110047482906 124.87036289516375 2 4 97 124] (train 1279) [453 125 2 4 106 124] (outside 1540) [518 138 2 4 171 137] [518 138 2 4 171 137] [[(patch 444 125) (patch 518 138)]]]
[]
[[473.8991917920266 114.28019315872774 2 3 127 113] (train 1042) [453 115 2 3 106 114] (train 556) [77 43 0 1 76 42] [58 44 0 1 57 43] [[(patch 474 114) (patch 482 111) (patch 482 109) (patch 464 106)] [(patch 464 106) (patch 291 106)] [(patch 291 106) (patch 273 103) (patch 251 74) (patch 251 72) (patch 250 72)] [(patch 250 72) (patch 77 72)] [(patch 77 72) (patch 77 57) (patch 58 44)]]]
[]
[[102.19518370532772 29.85384888404452 0 0 101 29] (train 322) [77 33 0 0 76 32] (outside 1516) [500 73 2 3 153 72] [492 72 2 3 145 71] [[(patch 102 30) (patch 80 16) (patch 83 3)] [(patch 83 3) (patch 256 3)] [(patch 256 3) (patch 256 39) (patch 273 67) (patch 292 74)] [(patch 292 74) (patch 465 74)] [(patch 465 74) (patch 490 73) (patch 492 72)]]]
[]
[[65.410640546684 34.49551762472375 0 0 64 33] (train 322) [77 33 0 0 76 32] (train 1042) [453 115 2 3 106 114] [459 114 2 3 112 113] [[(patch 65 34) (patch 80 20) (patch 83 3)] [(patch 83 3) (patch 256 3)] [(patch 256 3) (patch 256 39) (patch 273 67) (patch 292 74)] [(patch 292 74) (patch 465 74)] [(patch 465 74) (patch 476 82) (patch 476 92) (patch 471 100) (patch 462 101) (patch 459 114)]]]
[]
[[416.1246766263465 94.43569326872338 2 3 69 93] (train 789) [435 96 2 3 88 95] (train 1042) [453 115 2 3 106 114] [460 116 2 3 113 115] [[(patch 416 94) (patch 469 93) (patch 471 93) (patch 471 101) (patch 462 101) (patch 460 116)]]]
[]
[[479.0183099795078 115.64906201343926 2 3 132 115] (train 1042) [453 115 2 3 106 114] (train 556) [77 43 0 1 76 42] [72 43 0 1 71 42] [[(patch 479 116) (patch 482 111) (patch 482 109) (patch 464 106)] [(patch 464 106) (patch 291 106)] [(patch 291 106) (patch 273 103) (patch 251 74) (patch 251 72) (patch 250 72)] [(patch 250 72) (patch 77 72)] [(patch 77 72) (patch 77 69) (patch 72 43)]]]
[]
[[466.0094351065713 126.21959807033907 2 4 119 125] (train 1279) [453 125 2 4 106 124] (train 789) [435 96 2 3 88 95] [421 95 2 3 74 94] [[(patch 466 126) (patch 482 140) (patch 482 142) (patch 462 145)] [(patch 462 145) (patch 289 145)] [(patch 289 145) (patch 263 142) (patch 251 74) (patch 251 72) (patch 250 72)] [(patch 250 72) (patch 423 72)] [(patch 423 72) (patch 424 73) (patch 426 87) (patch 421 95)]]]
[]
[[64.91947380933809 35.33335102276443 0 0 64 34] (train 322) [77 33 0 0 76 32] (train 1279) [453 125 2 4 106 124] [469 125 2 4 122 124] [[(patch 65 35) (patch 80 20) (patch 83 3)] [(patch 83 3) (patch 256 3)] [(patch 256 3) (patch 257 113) (patch 263 142) (patch 289 145)] [(patch 289 145) (patch 462 145)] [(patch 462 145) (patch 482 142) (patch 482 140) (patch 469 125)]]]
[]
[[50.60934062266201 36.42031117983962 0 0 50 35] (train 322) [77 33 0 0 76 32] (outside 1540) [518 138 2 4 171 137] [518 132 2 4 171 131] [[(patch 51 36) (patch 79 22) (patch 83 3)] [(patch 83 3) (patch 256 3)] [(patch 256 3) (patch 256 84) (patch 277 134) (patch 313 141) (patch 323 148) (patch 323 151)] [(patch 323 151) (patch 496 151)] [(patch 496 151) (patch 496 148) (patch 518 132)]]]
[]
[[489.9674266983836 72.01901011748365 2 3 143 71] (outside 1516) [500 73 2 3 153 72] (train 1279) [453 125 2 4 106 124] [437 123 2 4 90 122] [[(patch 490 72) (patch 485 99) (patch 482 103) (patch 464 106)] [(patch 464 106) (patch 291 106)] [(patch 291 106) (patch 265 111) (patch 251 142) (patch 231 145)] [(patch 231 145) (patch 404 145)] [(patch 404 145) (patch 392 142) (patch 392 139) (patch 437 123)]]]
[]
[[416.29127435028505 96.58605398972695 2 3 69 96] (train 789) [435 96 2 3 88 95] (outside 1540) [518 138 2 4 171 137] [518 137 2 4 171 136] [[(patch 416 97) (patch 427 81) (patch 424 74) (patch 424 72) (patch 423 72)] [(patch 423 72) (patch 250 72)] [(patch 250 72) (patch 251 73) (patch 252 81) (patch 277 134) (patch 313 141) (patch 323 148) (patch 323 151)] [(patch 323 151) (patch 496 151)] [(patch 496 151) (patch 496 148) (patch 518 137)]]]
[]
[[478.38845196771723 115.26160564936797 2 3 131 114] (train 1042) [453 115 2 3 106 114] (train 1279) [453 125 2 4 106 124] [480 123 2 4 133 122] [[(patch 478 115) (patch 482 111) (patch 482 109) (patch 464 106)] [(patch 464 106) (patch 291 106)] [(patch 291 106) (patch 275 109) (patch 263 140) (patch 263 142) (patch 289 145)] [(patch 289 145) (patch 462 145)] [(patch 462 145) (patch 482 142) (patch 482 140) (patch 480 123)]]]
[]
[[434.59258723619433 113.21778750608638 2 3 88 112] (train 1042) [453 115 2 3 106 114] (outside 1540) [518 138 2 4 171 137] [518 140 2 4 171 139] [[(patch 435 113) (patch 482 111) (patch 482 109) (patch 464 106)] [(patch 464 106) (patch 291 106)] [(patch 291 106) (patch 275 109) (patch 275 120) (patch 276 129) (patch 277 134) (patch 313 141) (patch 323 148) (patch 323 151)] [(patch 323 151) (patch 496 151)] [(patch 496 151) (patch 496 148) (patch 518 140)]]]
[]
[[507.8460147112765 74.16563078489735 2 3 161 73] (outside 1516) [500 73 2 3 153 72] (train 1279) [453 125 2 4 106 124] [465 124 2 4 118 123] [[(patch 508 74) (patch 482 103) (patch 464 106)] [(patch 464 106) (patch 291 106)] [(patch 291 106) (patch 275 109) (patch 263 140) (patch 263 142) (patch 289 145)] [(patch 289 145) (patch 462 145)] [(patch 462 145) (patch 482 142) (patch 482 140) (patch 465 124)]]]
[]
[[460.547028101756 114.46978458106932 2 3 114 113] (train 1042) [453 115 2 3 106 114] (outside 1540) [518 138 2 4 171 137] [518 141 2 4 171 140] [[(patch 461 114) (patch 482 111) (patch 482 109) (patch 464 106)] [(patch 464 106) (patch 291 106)] [(patch 291 106) (patch 275 109) (patch 275 120) (patch 276 129) (patch 277 134) (patch 313 141) (patch 323 148) (patch 323 151)] [(patch 323 151) (patch 496 151)] [(patch 496 151) (patch 496 148) (patch 518 141)]]]
[]
[[57.451256792093815 46.82955876892308 0 1 56 46] (train 556) [77 43 0 1 76 42] (train 1279) [453 125 2 4 106 124] [466 125 2 4 119 124] [[(patch 57 47) (patch 77 56) (patch 77 72)] [(patch 77 72) (patch 250 72)] [(patch 250 72) (patch 251 73) (patch 263 142) (patch 289 145)] [(patch 289 145) (patch 462 145)] [(patch 462 145) (patch 482 142) (patch 482 140) (patch 466 125)]]]
[]
[[430.72244533903637 115.43624141028408 2 3 84 114] (train 1042) [453 115 2 3 106 114] (train 322) [77 33 0 0 76 32] [95 29 0 0 94 28] [[(patch 431 115) (patch 462 100) (patch 471 100) (patch 476 84) (patch 476 82) (patch 465 74)] [(patch 465 74) (patch 292 74)] [(patch 292 74) (patch 273 67) (patch 267 54) (patch 256 8) (patch 256 3)] [(patch 256 3) (patch 83 3)] [(patch 83 3) (patch 81 15) (patch 95 29)]]]
[]
[[506.23521229279845 74.25250142302647 2 3 159 73] (outside 1516) [500 73 2 3 153 72] (train 1279) [453 125 2 4 106 124] [448 123 2 4 101 122] [[(patch 506 74) (patch 482 103) (patch 464 106)] [(patch 464 106) (patch 291 106)] [(patch 291 106) (patch 275 109) (patch 263 140) (patch 263 142) (patch 289 145)] [(patch 289 145) (patch 462 145)] [(patch 462 145) (patch 482 142) (patch 482 140) (patch 448 123)]]]
[]
[[78.7924003064001 33.48413879051167 0 0 78 32] (train 322) [77 33 0 0 76 32] (train 1042) [453 115 2 3 106 114] [435 115 2 3 88 114] [[(patch 79 33) (patch 83 3)] [(patch 83 3) (patch 256 3)] [(patch 256 3) (patch 256 39) (patch 273 67) (patch 292 74)] [(patch 292 74) (patch 465 74)] [(patch 465 74) (patch 476 82) (patch 476 92) (patch 471 100) (patch 462 101) (patch 435 115)]]]
[]
[[454.9947035972855 113.14755367599511 2 3 108 112] (train 1042) [453 115 2 3 106 114] (train 1279) [453 125 2 4 106 124] [428 125 2 4 81 124] [[(patch 455 113) (patch 482 111) (patch 482 109) (patch 464 106)] [(patch 464 106) (patch 291 106)] [(patch 291 106) (patch 265 111) (patch 251 142) (patch 231 145)] [(patch 231 145) (patch 404 145)] [(patch 404 145) (patch 392 142) (patch 392 139) (patch 401 137) (patch 428 125)]]]
[]
[[470.789787887255 115.14716810636142 2 3 124 114] (train 1042) [453 115 2 3 106 114] (outside 1516) [500 73 2 3 153 72] [490 72 2 3 143 71] [[(patch 471 115) (patch 482 111) (patch 490 73) (patch 490 72)]]]
[]
[[87.64859962782208 42.41602148029459 0 1 87 41] (train 556) [77 43 0 1 76 42] (outside 1540) [518 138 2 4 171 137] [518 137 2 4 171 136] [[(patch 88 42) (patch 77 63) (patch 77 72)] [(patch 77 72) (patch 250 72)] [(patch 250 72) (patch 251 73) (patch 252 81) (patch 277 134) (patch 313 141) (patch 323 148) (patch 323 151)] [(patch 323 151) (patch 496 151)] [(patch 496 151) (patch 496 148) (patch 518 137)]]]
[]
[[95.42527289257956 39.3379155962474 0 1 94 38] (train 556) [77 43 0 1 76 42] (outside 1540) [518 138 2 4 171 137] [518 137 2 4 171 136] [[(patch 95 39) (patch 93 52) (patch 90 52) (patch 82 53) (patch 77 72)] [(patch 77 72) (patch 250 72)] [(patch 250 72) (patch 251 73) (patch 252 81) (patch 277 134) (patch 313 141) (patch 323 148) (patch 323 151)] [(patch 323 151) (patch 496 151)] [(patch 496 151) (patch 496 148) (patch 518 137)]]]
[]
[[435.6931206158708 93.73462848417586 2 3 89 93] (train 789) [435 96 2 3 88 95] (outside 1540) [518 138 2 4 171 137] [518 145 2 4 171 144] [[(patch 436 94) (patch 427 81) (patch 424 74) (patch 424 72) (patch 423 72)] [(patch 423 72) (patch 250 72)] [(patch 250 72) (patch 251 73) (patch 252 81) (patch 277 134) (patch 313 141) (patch 323 148) (patch 323 151)] [(patch 323 151) (patch 496 151)] [(patch 496 151) (patch 496 148) (patch 518 145)]]]
[]
[[85.27979424757562 41.29199430320224 0 1 84 40] (train 556) [77 43 0 1 76 42] (outside 1540) [518 138 2 4 171 137] [518 144 2 4 171 143] [[(patch 85 41) (patch 77 72)] [(patch 77 72) (patch 250 72)] [(patch 250 72) (patch 251 73) (patch 252 81) (patch 277 134) (patch 313 141) (patch 323 148) (patch 323 151)] [(patch 323 151) (patch 496 151)] [(patch 496 151) (patch 496 148) (patch 518 144)]]]
[]
[[417.5910172386632 96.55012159693989 2 3 71 96] (train 789) [435 96 2 3 88 95] (train 1042) [453 115 2 3 106 114] [454 116 2 3 107 115] [[(patch 418 97) (patch 467 93) (patch 471 93) (patch 471 100) (patch 462 101) (patch 454 116)]]]
[]
[[93.19361355265015 32.14404595280071 0 0 92 31] (train 322) [77 33 0 0 76 32] (train 1042) [453 115 2 3 106 114] [473 114 2 3 126 113] [[(patch 93 32) (patch 81 11) (patch 83 3)] [(patch 83 3) (patch 256 3)] [(patch 256 3) (patch 256 72) (patch 273 103) (patch 291 106)] [(patch 291 106) (patch 464 106)] [(patch 464 106) (patch 482 109) (patch 482 111) (patch 473 114)]]]
[]
[[69.91473442046063 43.840904568609545 0 1 69 43] (train 556) [77 43 0 1 76 42] (train 789) [435 96 2 3 88 95] [454 96 2 3 107 95] [[(patch 70 44) (patch 77 64) (patch 77 72)] [(patch 77 72) (patch 423 72)] [(patch 423 72) (patch 424 73) (patch 426 87) (patch 454 96)]]]
[]
[[79.81028619876558 30.841393325562677 0 0 79 30] (train 322) [77 33 0 0 76 32] (train 556) [77 43 0 1 76 42] [97 42 0 1 96 41] [[(patch 80 31) (patch 83 3)] [(patch 83 3) (patch 256 3)] [(patch 256 3) (patch 254 74) (patch 251 74) (patch 251 73) (patch 250 72)] [(patch 250 72) (patch 77 72)] [(patch 77 72) (patch 77 57) (patch 97 42)]]]
[]
[[439.7079130982388 124.04168126081142 2 4 93 123] (train 1279) [453 125 2 4 106 124] (train 322) [77 33 0 0 76 32] [82 32 0 0 81 31] [[(patch 440 124) (patch 392 139) (patch 392 142) (patch 404 145)] [(patch 404 145) (patch 231 145)] [(patch 231 145) (patch 251 142) (patch 254 73) (patch 256 3)] [(patch 256 3) (patch 83 3)] [(patch 83 3) (patch 82 32)]]]
[]
[[420.6116915546863 95.79161431374105 2 3 74 95] (train 789) [435 96 2 3 88 95] (outside 1540) [518 138 2 4 171 137] [518 142 2 4 171 141] [[(patch 421 96) (patch 427 81) (patch 424 74) (patch 424 72) (patch 423 72)] [(patch 423 72) (patch 250 72)] [(patch 250 72) (patch 251 73) (patch 252 81) (patch 277 134) (patch 313 141) (patch 323 148) (patch 323 151)] [(patch 323 151) (patch 496 151)] [(patch 496 151) (patch 496 148) (patch 518 142)]]]
[]
[[431.64797996765765 115.9339602559514 2 3 85 115] (train 1042) [453 115 2 3 106 114] (train 789) [435 96 2 3 88 95] [408 96 2 3 61 95] [[(patch 432 116) (patch 464 100) (patch 471 100) (patch 471 93) (patch 410 93) (patch 408 96)]]]
[]
[[430.2423061804091 97.03296785177155 2 3 83 96] (train 789) [435 96 2 3 88 95] (train 322) [77 33 0 0 76 32] [85 31 0 0 84 30] [[(patch 430 97) (patch 427 81) (patch 424 74) (patch 424 72) (patch 423 72)] [(patch 423 72) (patch 250 72)] [(patch 250 72) (patch 251 73) (patch 251 74) (patch 254 74) (patch 256 3)] [(patch 256 3) (patch 83 3)] [(patch 83 3) (patch 83 5) (patch 85 31)]]]
[]
[[404.1427864373677 96.5854490859276 2 3 57 96] (train 789) [435 96 2 3 88 95] (outside 1516) [500 73 2 3 153 72] [503 73 2 3 156 72] [[(patch 404 97) (patch 467 93) (patch 503 73)]]]
[]
[[442.9605461985623 114.24006556701003 2 3 96 113] (train 1042) [453 115 2 3 106 114] (outside 1516) [500 73 2 3 153 72] [508 74 2 3 161 73] [[(patch 443 114) (patch 462 101) (patch 484 99) (patch 508 74)]]]
[]
[[517.842677280645 143.44575883590358 2 4 171 142] (outside 1540) [518 138 2 4 171 137] (train 789) [435 96 2 3 88 95] [462 96 2 3 115 95] [[(patch 518 143) (patch 491 148) (patch 491 151)] [(patch 491 151) (patch 318 151)] [(patch 318 151) (patch 318 136) (patch 313 136) (patch 290 135) (patch 277 134) (patch 276 129) (patch 273 102) (patch 271 82) (patch 271 76) (patch 292 74)] [(patch 292 74) (patch 465 74)] [(patch 465 74) (patch 476 82) (patch 476 84) (patch 462 96)]]]
[]
[[424.3473730716444 115.4216912721849 2 3 77 114] (train 1042) [453 115 2 3 106 114] (train 789) [435 96 2 3 88 95] [446 94 2 3 99 93] [[(patch 424 115) (patch 465 100) (patch 471 100) (patch 471 93) (patch 447 93) (patch 446 94)]]]
[]
[[468.6648196885032 125.16156326833018 2 4 122 124] (train 1279) [453 125 2 4 106 124] (train 556) [77 43 0 1 76 42] [104 40 0 1 103 39] [[(patch 469 125) (patch 482 140) (patch 482 142) (patch 462 145)] [(patch 462 145) (patch 289 145)] [(patch 289 145) (patch 263 142) (patch 251 74) (patch 251 72) (patch 250 72)] [(patch 250 72) (patch 77 72)] [(patch 77 72) (patch 77 56) (patch 104 40)]]]
[]
[[416.2591604496189 96.96885439710118 2 3 69 96] (train 789) [435 96 2 3 88 95] (train 322) [77 33 0 0 76 32] [85 32 0 0 84 31] [[(patch 416 97) (patch 427 81) (patch 424 74) (patch 424 72) (patch 423 72)] [(patch 423 72) (patch 250 72)] [(patch 250 72) (patch 251 73) (patch 251 74) (patch 254 74) (patch 256 3)] [(patch 256 3) (patch 83 3)] [(patch 83 3) (patch 83 5) (patch 85 32)]]]
[]
[[50.878240777959334 46.90425720437096 0 1 50 46] (train 556) [77 43 0 1 76 42] (train 1042) [453 115 2 3 106 114] [439 114 2 3 92 113] [[(patch 51 47) (patch 77 56) (patch 77 72)] [(patch 77 72) (patch 423 72)] [(patch 423 72) (patch 424 73) (patch 426 88) (patch 471 93) (patch 471 100) (patch 462 101) (patch 439 114)]]]
[]
[[447.7848302307561 124.78405507519552 2 4 101 124] (train 1279) [453 125 2 4 106 124] (train 322) [77 33 0 0 76 32] [89 31 0 0 88 30] [[(patch 448 125) (patch 482 140) (patch 482 142) (patch 462 145)] [(patch 462 145) (patch 289 145)] [(patch 289 145) (patch 263 142) (patch 256 7) (patch 256 3)] [(patch 256 3) (patch 83 3)] [(patch 83 3) (patch 82 6) (patch 89 31)]]]
[]
[[453.93948367382876 115.60730178356458 2 3 107 115] (train 1042) [453 115 2 3 106 114] (train 789) [435 96 2 3 88 95] [439 96 2 3 92 95] [[(patch 454 116) (patch 462 100) (patch 471 100) (patch 471 93) (patch 442 93) (patch 439 96)]]]
[]
[[434.3945313386434 94.56187713010918 2 3 87 94] (train 789) [435 96 2 3 88 95] (train 322) [77 33 0 0 76 32] [81 34 0 0 80 33] [[(patch 434 95) (patch 427 81) (patch 424 74) (patch 424 72) (patch 423 72)] [(patch 423 72) (patch 250 72)] [(patch 250 72) (patch 251 73) (patch 251 74) (patch 254 74) (patch 256 3)] [(patch 256 3) (patch 83 3)] [(patch 83 3) (patch 81 34)]]]
[]
[[461.2459096088341 123.12964471620045 2 4 114 122] (train 1279) [453 125 2 4 106 124] (outside 1540) [518 138 2 4 171 137] [518 138 2 4 171 137] [[(patch 461 123) (patch 518 138)]]]
[]
[[100.89503203883542 42.31840055184419 0 1 100 41] (train 556) [77 43 0 1 76 42] (train 789) [435 96 2 3 88 95] [438 97 2 3 91 96] [[(patch 101 42) (patch 77 56) (patch 77 72)] [(patch 77 72) (patch 423 72)] [(patch 423 72) (patch 424 73) (patch 426 87) (patch 438 97)]]]
[]
[[447.06416653688314 114.62904880441948 2 3 100 114] (train 1042) [453 115 2 3 106 114] (train 322) [77 33 0 0 76 32] [53 37 0 0 52 36] [[(patch 447 115) (patch 462 100) (patch 471 100) (patch 476 84) (patch 476 82) (patch 465 74)] [(patch 465 74) (patch 292 74)] [(patch 292 74) (patch 273 67) (patch 267 54) (patch 256 8) (patch 256 3)] [(patch 256 3) (patch 83 3)] [(patch 83 3) (patch 79 21) (patch 53 37)]]]
[]
[[457.8193920925109 123.35180967689621 2 4 111 122] (train 1279) [453 125 2 4 106 124] (outside 1540) [518 138 2 4 171 137] [518 133 2 4 171 132] [[(patch 458 123) (patch 518 133)]]]
[]
[[495.7041779954718 72.03283715019674 2 3 149 71] (outside 1516) [500 73 2 3 153 72] (train 1279) [453 125 2 4 106 124] [476 124 2 4 129 123] [[(patch 496 72) (patch 482 103) (patch 464 106)] [(patch 464 106) (patch 291 106)] [(patch 291 106) (patch 275 109) (patch 263 140) (patch 263 142) (patch 289 145)] [(patch 289 145) (patch 462 145)] [(patch 462 145) (patch 482 142) (patch 482 140) (patch 476 124)]]]
[]
[[464.4614269959068 114.1625862855378 2 3 117 113] (train 1042) [453 115 2 3 106 114] (train 789) [435 96 2 3 88 95] [451 97 2 3 104 96] [[(patch 464 114) (patch 462 111) (patch 462 100) (patch 471 100) (patch 471 93) (patch 454 93) (patch 451 97)]]]
[]
[[69.0861565468919 45.218724452002846 0 1 68 44] (train 556) [77 43 0 1 76 42] (outside 1540) [518 138 2 4 171 137] [518 133 2 4 171 132] [[(patch 69 45) (patch 77 61) (patch 77 72)] [(patch 77 72) (patch 250 72)] [(patch 250 72) (patch 251 73) (patch 252 81) (patch 277 134) (patch 313 141) (patch 323 148) (patch 323 151)] [(patch 323 151) (patch 496 151)] [(patch 496 151) (patch 496 148) (patch 518 133)]]]
[]
[[426.470077832719 94.58272829429579 2 3 79 94] (train 789) [435 96 2 3 88 95] (train 322) [77 33 0 0 76 32] [104 29 0 0 103 28] [[(patch 426 95) (patch 427 81) (patch 424 74) (patch 424 72) (patch 423 72)] [(patch 423 72) (patch 250 72)] [(patch 250 72) (patch 251 73) (patch 251 74) (patch 254 74) (patch 256 3)] [(patch 256 3) (patch 83 3)] [(patch 83 3) (patch 80 17) (patch 104 29)]]]
[]
[[444.2839336058952 112.99003484186213 2 3 97 112] (train 1042) [453 115 2 3 106 114] (train 789) [435 96 2 3 88 95] [440 96 2 3 93 95] [[(patch 444 113) (patch 464 100) (patch 471 100) (patch 471 93) (patch 443 93) (patch 440 96)]]]
[]
[[438.0382002647776 96.19148648029999 2 3 91 95] (train 789) [435 96 2 3 88 95] (train 556) [77 43 0 1 76 42] [102 41 0 1 101 40] [[(patch 438 96) (patch 427 81) (patch 424 74) (patch 424 72) (patch 423 72)] [(patch 423 72) (patch 77 72)] [(patch 77 72) (patch 77 56) (patch 102 41)]]]
[]
[[80.36435040620304 42.12360930067133 0 1 79 41] (train 556) [77 43 0 1 76 42] (outside 1540) [518 138 2 4 171 137] [518 133 2 4 171 132] [[(patch 80 42) (patch 77 72)] [(patch 77 72) (patch 250 72)] [(patch 250 72) (patch 251 73) (patch 252 81) (patch 277 134) (patch 313 141) (patch 323 148) (patch 323 151)] [(patch 323 151) (patch 496 151)] [(patch 496 151) (patch 496 148) (patch 518 133)]]]
[]
[[407.03345779016405 96.57402541138563 2 3 60 96] (train 789) [435 96 2 3 88 95] (train 1042) [453 115 2 3 106 114] [458 116 2 3 111 115] [[(patch 407 97) (patch 467 93) (patch 471 93) (patch 471 101) (patch 462 101) (patch 458 116)]]]
[]
[[76.60473670069676 33.62070570465661 0 0 76 33] (train 322) [77 33 0 0 76 32] (outside 1540) [518 138 2 4 171 137] [518 138 2 4 171 137] [[(patch 77 34) (patch 83 3)] [(patch 83 3) (patch 256 3)] [(patch 256 3) (patch 256 84) (patch 277 134) (patch 313 141) (patch 323 148) (patch 323 151)] [(patch 323 151) (patch 496 151)] [(patch 496 151) (patch 496 148) (patch 518 138)]]]
[]
[[472.40327456632616 115.8808047234866 2 3 125 115] (train 1042) [453 115 2 3 106 114] (train 789) [435 96 2 3 88 95] [415 97 2 3 68 96] [[(patch 472 116) (patch 462 111) (patch 462 100) (patch 471 100) (patch 471 93) (patch 418 93) (patch 415 97)]]]
[]
[[70.02854619025113 34.81180313345359 0 0 69 34] (train 322) [77 33 0 0 76 32] (train 1042) [453 115 2 3 106 114] [455 113 2 3 108 112] [[(patch 70 35) (patch 80 18) (patch 83 3)] [(patch 83 3) (patch 256 3)] [(patch 256 3) (patch 256 39) (patch 273 67) (patch 292 74)] [(patch 292 74) (patch 465 74)] [(patch 465 74) (patch 476 82) (patch 476 92) (patch 471 100) (patch 462 101) (patch 455 113)]]]
[]
[[52.228096448063795 33.61845084460464 0 0 51 33] (train 322) [77 33 0 0 76 32] (outside 1516) [500 73 2 3 153 72] [496 73 2 3 149 72] [[(patch 52 34) (patch 79 22) (patch 83 3)] [(patch 83 3) (patch 256 3)] [(patch 256 3) (patch 256 39) (patch 273 67) (patch 292 74)] [(patch 292 74) (patch 465 74)] [(patch 465 74) (patch 496 73)]]]
[]
[[481.72213939275804 124.58175670567111 2 4 135 124] (train 1279) [453 125 2 4 106 124] (train 789) [435 96 2 3 88 95] [448 95 2 3 101 94] [[(patch 482 125) (patch 482 140) (patch 482 142) (patch 462 145)] [(patch 462 145) (patch 289 145)] [(patch 289 145) (patch 263 142) (patch 251 74) (patch 251 72) (patch 250 72)] [(patch 250 72) (patch 423 72)] [(patch 423 72) (patch 424 73) (patch 426 87) (patch 448 95)]]]
[]
[[54.70159931164751 45.880821765263875 0 1 54 45] (train 556) [77 43 0 1 76 42] (train 1279) [453 125 2 4 106 124] [479 124 2 4 132 123] [[(patch 55 46) (patch 77 56) (patch 77 72)] [(patch 77 72) (patch 250 72)] [(patch 250 72) (patch 251 73) (patch 263 142) (patch 289 145)] [(patch 289 145) (patch 462 145)] [(patch 462 145) (patch 482 142) (patch 482 140) (patch 479 124)]]]
[]
[[471.5588406355387 126.33805593144632 2 4 125 125] (train 1279) [453 125 2 4 106 124] (train 1042) [453 115 2 3 106 114] [470 113 2 3 123 112] [[(patch 472 126) (patch 482 140) (patch 482 142) (patch 462 145)] [(patch 462 145) (patch 289 145)] [(patch 289 145) (patch 263 142) (patch 263 133) (patch 275 109) (patch 291 106)] [(patch 291 106) (patch 464 106)] [(patch 464 106) (patch 482 109) (patch 482 111) (patch 470 113)]]]
[]
[[431.9769502394428 113.7238209351347 2 3 85 113] (train 1042) [453 115 2 3 106 114] (train 322) [77 33 0 0 76 32] [97 30 0 0 96 29] [[(patch 432 114) (patch 462 100) (patch 471 100) (patch 476 84) (patch 476 82) (patch 465 74)] [(patch 465 74) (patch 292 74)] [(patch 292 74) (patch 273 67) (patch 267 54) (patch 256 8) (patch 256 3)] [(patch 256 3) (patch 83 3)] [(patch 83 3) (patch 81 15) (patch 97 30)]]]
[]
[[78.78047504772368 44.40821568324259 0 1 78 43] (train 556) [77 43 0 1 76 42] (train 789) [435 96 2 3 88 95] [420 95 2 3 73 94] [[(patch 79 44) (patch 77 72)] [(patch 77 72) (patch 423 72)] [(patch 423 72) (patch 424 73) (patch 426 87) (patch 420 95)]]]
[]
[[459.97562798957705 115.64034056318137 2 3 113 115] (train 1042) [453 115 2 3 106 114] (train 789) [435 96 2 3 88 95] [436 97 2 3 89 96] [[(patch 460 116) (patch 462 100) (patch 471 100) (patch 471 93) (patch 440 93) (patch 436 97)]]]
[]
[[445.62962760062044 123.47319720982988 2 4 99 122] (train 1279) [453 125 2 4 106 124] (outside 1516) [500 73 2 3 153 72] [501 73 2 3 154 72] [[(patch 446 123) (patch 482 140) (patch 482 142) (patch 462 145)] [(patch 462 145) (patch 289 145)] [(patch 289 145) (patch 263 142) (patch 263 133) (patch 275 109) (patch 291 106)] [(patch 291 106) (patch 464 106)] [(patch 464 106) (patch 482 103) (patch 501 73)]]]
[]
[[517.7473551788561 135.47967907763467 2 4 171 134] (outside 1540) [518 138 2 4 171 137] (train 1279) [453 125 2 4 106 124] [474 124 2 4 127 123] [[(patch 518 135) (patch 475 126) (patch 474 124)]]]
[]
[[459.4637036398358 124.43841121443704 2 4 112 123] (train 1279) [453 125 2 4 106 124] (train 1042) [453 115 2 3 106 114] [479 113 2 3 132 112] [[(patch 459 124) (patch 482 140) (patch 482 142) (patch 462 145)] [(patch 462 145) (patch 289 145)] [(patch 289 145) (patch 263 142) (patch 263 133) (patch 275 109) (patch 291 106)] [(patch 291 106) (patch 464 106)] [(patch 464 106) (patch 482 109) (patch 482 111) (patch 479 113)]]]
[]
[STAIR 0 [292 74 1 2 118 73] [465 74 2 3 118 73]]
[STAIR 0 [232 106 1 2 58 105] [405 106 2 3 58 105]]
[STAIR 0 [51 64 0 1 50 63] [224 64 1 2 50 63]]
[STAIR 0 [289 145 1 2 115 144] [462 145 2 4 115 144]]
[ELEVATOR 4 [77 72 0 1 76 71] [250 72 1 2 76 71]]
[STAIR 0 [109 11 0 0 108 10] [282 11 1 2 108 10]]
[STAIR 0 [231 145 1 2 57 144] [404 145 2 4 57 144]]
[STAIR 0 [48 18 0 0 47 17] [221 18 1 2 47 17]]
[ELEVATOR 4 [318 151 1 2 144 150] [491 151 2 4 144 150]]
[ELEVATOR 8 [77 72 0 1 76 71] [423 72 2 3 76 71]]
[ELEVATOR 4 [250 72 1 2 76 71] [423 72 2 3 76 71]]
[STAIR 0 [113 58 0 1 112 57] [286 58 1 2 112 57]]
[ELEVATOR 4 [323 151 1 2 149 150] [496 151 2 4 149 150]]
[ELEVATOR 4 [83 3 0 0 82 2] [256 3 1 2 82 2]]
[STAIR 0 [291 106 1 2 117 105] [464 106 2 3 117 105]]
[(train 1042) POI [453 115 2 3 106 114]]
[(train 1279) POI [453 125 2 4 106 124]]
[(train 556) POI [77 43 0 1 76 42]]
[(train 322) POI [77 33 0 0 76 32]]
[(train 789) POI [435 96 2 3 88 95]]
