[3 153 172 6 150 5 18]
[]
[]
[[447.41542909771636 114.10258288998585 2 3 100 113] (train 579) [453 115 2 3 106 114] (train 207) [92 31 0 0 91 30] [101 29 0 0 100 28] [[(patch 447 114) (patch 462 100) (patch 471 100) (patch 476 84) (patch 476 82) (patch 465 74)] [(patch 465 74) (patch 292 74)] [(patch 292 74) (patch 273 67) (patch 267 54) (patch 266 48) (patch 264 23) (patch 264 17) (patch 282 11)] [(patch 282 11) (patch 109 11)] [(patch 109 11) (patch 136 14) (patch 136 16) (patch 117 22) (patch 101 29)]]]
[]
[[104.61923361054914 42.257194267720806 0 1 104 41] (train 321) [92 41 0 1 91 40] (outside 853) [500 73 2 3 153 72] [503 73 2 3 156 72] [[(patch 105 42) (patch 138 47) (patch 138 49) (patch 113 58)] [(patch 113 58) (patch 286 58)] [(patch 286 58) (patch 273 64) (patch 273 67) (patch 292 74)] [(patch 292 74) (patch 465 74)] [(patch 465 74) (patch 503 73)]]]
[]
[[468.34002439892066 125.60329645429881 2 4 121 125] (train 716) [453 125 2 4 106 124] (train 207) [92 31 0 0 91 30] [102 31 0 0 101 30] [[(patch 468 126) (patch 482 140) (patch 482 142) (patch 462 145)] [(patch 462 145) (patch 289 145)] [(patch 289 145) (patch 263 142) (patch 264 17) (patch 282 11)] [(patch 282 11) (patch 109 11)] [(patch 109 11) (patch 136 14) (patch 136 16) (patch 106 26) (patch 102 31)]]]
[]
[[446.63147454702255 113.03253972665297 2 3 100 112] (train 579) [453 115 2 3 106 114] (train 716) [453 125 2 4 106 124] [452 125 2 4 105 124] [[(patch 447 113) (patch 475 111) (patch 482 111) (patch 482 109) (patch 464 106)] [(patch 464 106) (patch 291 106)] [(patch 291 106) (patch 275 109) (patch 263 140) (patch 263 142) (patch 289 145)] [(patch 289 145) (patch 462 145)] [(patch 462 145) (patch 482 142) (patch 482 140) (patch 452 125)]]]
[]
[[445.43455328455286 113.87886343227879 2 3 98 113] (train 579) [453 115 2 3 106 114] (outside 853) [500 73 2 3 153 72] [491 72 2 3 144 71] [[(patch 445 114) (patch 463 100) (patch 471 100) (patch 491 72)]]]
[]
[[97.59438932198736 42.41348884470759 0 1 97 41] (train 321) [92 41 0 1 91 40] (train 716) [453 125 2 4 106 124] [440 124 2 4 93 123] [[(patch 98 42) (patch 138 47) (patch 138 49) (patch 113 58)] [(patch 113 58) (patch 286 58)] [(patch 286 58) (patch 273 64) (patch 251 142) (patch 231 145)] [(patch 231 145) (patch 404 145)] [(patch 404 145) (patch 392 142) (patch 392 139) (patch 431 130) (patch 440 124)]]]
[]
[[91.31714747358015 30.197356864713814 0 0 90 29] (train 207) [92 31 0 0 91 30] (outside 853) [500 73 2 3 153 72] [495 72 2 3 148 71] [[(patch 91 30) (patch 136 16) (patch 136 14) (patch 109 11)] [(patch 109 11) (patch 282 11)] [(patch 282 11) (patch 264 17) (patch 264 47) (patch 273 67) (patch 292 74)] [(patch 292 74) (patch 465 74)] [(patch 465 74) (patch 490 73) (patch 495 72)]]]
[]
[[440.96066672279994 94.63929519814394 2 3 94 94] (train 434) [449 96 2 3 102 95] (outside 877) [518 138 2 4 171 137] [518 139 2 4 171 138] [[(patch 441 95) (patch 466 93) (patch 471 93) (patch 482 101) (patch 482 103) (patch 464 106)] [(patch 464 106) (patch 291 106)] [(patch 291 106) (patch 275 109) (patch 263 140) (patch 263 142) (patch 289 145)] [(patch 289 145) (patch 462 145)] [(patch 462 145) (patch 518 139)]]]
[]
[[460.33037870537163 123.38261096614941 2 4 113 122] (train 716) [453 125 2 4 106 124] (train 207) [92 31 0 0 91 30] [101 30 0 0 100 29] [[(patch 460 123) (patch 482 140) (patch 482 142) (patch 462 145)] [(patch 462 145) (patch 289 145)] [(patch 289 145) (patch 263 142) (patch 264 17) (patch 282 11)] [(patch 282 11) (patch 109 11)] [(patch 109 11) (patch 136 14) (patch 136 16) (patch 108 25) (patch 101 30)]]]
[]
[[443.9542802083989 113.27240750674125 2 3 97 112] (train 579) [453 115 2 3 106 114] (train 434) [449 96 2 3 102 95] [455 94 2 3 108 93] [[(patch 444 113) (patch 464 100) (patch 471 100) (patch 471 93) (patch 456 93) (patch 455 94)]]]
[]
[[447.8804088881672 114.41919092035543 2 3 101 113] (train 579) [453 115 2 3 106 114] (train 716) [453 125 2 4 106 124] [457 126 2 4 110 125] [[(patch 448 114) (patch 475 111) (patch 482 111) (patch 482 109) (patch 464 106)] [(patch 464 106) (patch 291 106)] [(patch 291 106) (patch 275 109) (patch 263 140) (patch 263 142) (patch 289 145)] [(patch 289 145) (patch 462 145)] [(patch 462 145) (patch 482 142) (patch 482 140) (patch 457 126)]]]
[]
[[465.1962492881861 124.65362577756028 2 4 118 124] (train 716) [453 125 2 4 106 124] (train 579) [453 115 2 3 106 114] [462 116 2 3 115 115] [[(patch 465 125) (patch 482 140) (patch 482 142) (patch 462 145)] [(patch 462 145) (patch 289 145)] [(patch 289 145) (patch 263 142) (patch 263 133) (patch 275 109) (patch 291 106)] [(patch 291 106) (patch 464 106)] [(patch 464 106) (patch 482 109) (patch 482 111) (patch 455 113) (patch 462 116)]]]
[]
[[445.13144193174406 126.4733502732011 2 4 98 125] (train 716) [453 125 2 4 106 124] (train 434) [449 96 2 3 102 95] [433 97 2 3 86 96] [[(patch 445 126) (patch 482 140) (patch 482 142) (patch 462 145)] [(patch 462 145) (patch 289 145)] [(patch 289 145) (patch 263 142) (patch 263 133) (patch 275 109) (patch 291 106)] [(patch 291 106) (patch 464 106)] [(patch 464 106) (patch 482 103) (patch 482 101) (patch 471 93) (patch 452 93) (patch 433 97)]]]
[]
[[447.3494053742263 123.39894031338763 2 4 100 122] (train 716) [453 125 2 4 106 124] (train 434) [449 96 2 3 102 95] [440 97 2 3 93 96] [[(patch 447 123) (patch 482 140) (patch 482 142) (patch 462 145)] [(patch 462 145) (patch 289 145)] [(patch 289 145) (patch 263 142) (patch 263 133) (patch 275 109) (patch 291 106)] [(patch 291 106) (patch 464 106)] [(patch 464 106) (patch 482 103) (patch 482 101) (patch 471 93) (patch 452 93) (patch 440 97)]]]
[]
[[459.7390530438804 94.30192464624805 2 3 113 93] (train 434) [449 96 2 3 102 95] (train 579) [453 115 2 3 106 114] [448 114 2 3 101 113] [[(patch 460 94) (patch 466 93) (patch 471 93) (patch 471 100) (patch 461 101) (patch 448 114)]]]
[]
[[434.1435603331153 94.2684336522102 2 3 87 93] (train 434) [449 96 2 3 102 95] (train 207) [92 31 0 0 91 30] [101 32 0 0 100 31] [[(patch 434 94) (patch 476 84) (patch 476 82) (patch 465 74)] [(patch 465 74) (patch 292 74)] [(patch 292 74) (patch 273 67) (patch 267 54) (patch 266 48) (patch 264 23) (patch 264 17) (patch 282 11)] [(patch 282 11) (patch 109 11)] [(patch 109 11) (patch 136 14) (patch 136 16) (patch 106 26) (patch 101 32)]]]
[]
[[449.79699115410875 95.28907023661868 2 3 103 94] (train 434) [449 96 2 3 102 95] (outside 877) [518 138 2 4 171 137] [518 145 2 4 171 144] [[(patch 450 95) (patch 466 93) (patch 471 93) (patch 482 101) (patch 482 103) (patch 464 106)] [(patch 464 106) (patch 291 106)] [(patch 291 106) (patch 275 109) (patch 263 140) (patch 263 142) (patch 289 145)] [(patch 289 145) (patch 462 145)] [(patch 462 145) (patch 518 145)]]]
[]
[[95.11740509502688 42.244098967429686 0 1 94 41] (train 321) [92 41 0 1 91 40] (train 207) [92 31 0 0 91 30] [102 30 0 0 101 29] [[(patch 95 42) (patch 138 47) (patch 138 49) (patch 113 58)] [(patch 113 58) (patch 286 58)] [(patch 286 58) (patch 267 54) (patch 266 48) (patch 264 23) (patch 264 17) (patch 282 11)] [(patch 282 11) (patch 109 11)] [(patch 109 11) (patch 136 14) (patch 136 16) (patch 106 26) (patch 102 30)]]]
[]
[[86.64503766404762 29.868055704705906 0 0 86 29] (train 207) [92 31 0 0 91 30] (train 716) [453 125 2 4 106 124] [455 123 2 4 108 122] [[(patch 87 30) (patch 136 16) (patch 136 14) (patch 109 11)] [(patch 109 11) (patch 282 11)] [(patch 282 11) (patch 264 17) (patch 263 142) (patch 289 145)] [(patch 289 145) (patch 462 145)] [(patch 462 145) (patch 482 142) (patch 482 140) (patch 455 123)]]]
[]
[[466.98286342676283 124.17457569760195 2 4 120 123] (train 716) [453 125 2 4 106 124] (outside 877) [518 138 2 4 171 137] [518 141 2 4 171 140] [[(patch 467 124) (patch 469 127) (patch 518 141)]]]
[]
[[104.87517969455706 39.26985549883312 0 1 104 38] (train 321) [92 41 0 1 91 40] (train 716) [453 125 2 4 106 124] [466 123 2 4 119 122] [[(patch 105 39) (patch 105 43) (patch 138 47) (patch 138 49) (patch 113 58)] [(patch 113 58) (patch 286 58)] [(patch 286 58) (patch 273 64) (patch 271 76) (patch 263 141) (patch 263 142) (patch 289 145)] [(patch 289 145) (patch 462 145)] [(patch 462 145) (patch 482 142) (patch 482 140) (patch 480 139) (patch 466 123)]]]
[]
[[84.86135370626447 33.60662589044617 0 0 84 33] (train 207) [92 31 0 0 91 30] (outside 877) [518 138 2 4 171 137] [518 138 2 4 171 137] [[(patch 85 34) (patch 86 33) (patch 136 16) (patch 136 14) (patch 109 11)] [(patch 109 11) (patch 282 11)] [(patch 282 11) (patch 264 17) (patch 263 142) (patch 289 145)] [(patch 289 145) (patch 462 145)] [(patch 462 145) (patch 518 138)]]]
[]
[[435.11119086055476 96.88865334970916 2 3 88 96] (train 434) [449 96 2 3 102 95] (outside 877) [518 138 2 4 171 137] [518 131 2 4 171 130] [[(patch 435 97) (patch 466 93) (patch 471 93) (patch 482 101) (patch 482 103) (patch 464 106)] [(patch 464 106) (patch 291 106)] [(patch 291 106) (patch 275 109) (patch 263 140) (patch 263 142) (patch 289 145)] [(patch 289 145) (patch 462 145)] [(patch 462 145) (patch 478 143) (patch 518 131)]]]
[]
[[436.5742711302894 123.14396860361455 2 4 90 122] (train 716) [453 125 2 4 106 124] (train 434) [449 96 2 3 102 95] [442 94 2 3 95 93] [[(patch 437 123) (patch 436 129) (patch 392 139) (patch 392 142) (patch 404 145)] [(patch 404 145) (patch 231 145)] [(patch 231 145) (patch 256 142) (patch 275 109) (patch 291 106)] [(patch 291 106) (patch 464 106)] [(patch 464 106) (patch 482 103) (patch 482 101) (patch 471 93) (patch 452 93) (patch 442 94)]]]
[]
[[451.3710537402376 124.68528212418047 2 4 104 124] (train 716) [453 125 2 4 106 124] (train 321) [92 41 0 1 91 40] [102 41 0 1 101 40] [[(patch 451 125) (patch 482 140) (patch 482 142) (patch 462 145)] [(patch 462 145) (patch 289 145)] [(patch 289 145) (patch 263 142) (patch 265 78) (patch 273 64) (patch 286 58)] [(patch 286 58) (patch 113 58)] [(patch 113 58) (patch 138 49) (patch 138 47) (patch 113 44) (patch 102 41)]]]
[]
[[455.60741104850337 113.29883097530805 2 3 109 112] (train 579) [453 115 2 3 106 114] (train 321) [92 41 0 1 91 40] [79 41 0 1 78 40] [[(patch 456 113) (patch 462 100) (patch 471 100) (patch 476 84) (patch 476 82) (patch 465 74)] [(patch 465 74) (patch 292 74)] [(patch 292 74) (patch 273 67) (patch 273 64) (patch 286 58)] [(patch 286 58) (patch 113 58)] [(patch 113 58) (patch 138 49) (patch 138 47) (patch 79 41)]]]
[]
[[441.8071725911118 126.22916883057174 2 4 95 125] (train 716) [453 125 2 4 106 124] (outside 853) [500 73 2 3 153 72] [505 74 2 3 158 73] [[(patch 442 126) (patch 482 140) (patch 482 142) (patch 462 145)] [(patch 462 145) (patch 289 145)] [(patch 289 145) (patch 263 142) (patch 263 133) (patch 275 109) (patch 291 106)] [(patch 291 106) (patch 464 106)] [(patch 464 106) (patch 482 103) (patch 505 74)]]]
[]
[[95.37384758121867 39.023796255294286 0 1 94 38] (train 321) [92 41 0 1 91 40] (train 434) [449 96 2 3 102 95] [460 97 2 3 113 96] [[(patch 95 39) (patch 112 44) (patch 138 47) (patch 138 49) (patch 113 58)] [(patch 113 58) (patch 286 58)] [(patch 286 58) (patch 273 64) (patch 273 67) (patch 292 74)] [(patch 292 74) (patch 465 74)] [(patch 465 74) (patch 476 82) (patch 476 84) (patch 460 97)]]]
[]
[[498.389912068538 73.01209312661031 2 3 151 72] (outside 853) [500 73 2 3 153 72] (train 579) [453 115 2 3 106 114] [469 113 2 3 122 112] [[(patch 498 73) (patch 482 111) (patch 469 112) (patch 469 113)]]]
[]
[[445.4149213720039 112.53036902981023 2 3 98 112] (train 579) [453 115 2 3 106 114] (train 434) [449 96 2 3 102 95] [444 94 2 3 97 93] [[(patch 445 113) (patch 463 100) (patch 471 100) (patch 471 93) (patch 444 93) (patch 444 94)]]]
[]
[[468.07815555698386 114.31616682458119 2 3 121 113] (train 579) [453 115 2 3 106 114] (outside 853) [500 73 2 3 153 72] [503 73 2 3 156 72] [[(patch 468 114) (patch 469 111) (patch 482 111) (patch 503 73)]]]
[]
[[449.77367656406824 93.7891506471907 2 3 103 93] (train 434) [449 96 2 3 102 95] (train 579) [453 115 2 3 106 114] [468 115 2 3 121 114] [[(patch 450 94) (patch 467 93) (patch 471 93) (patch 471 101) (patch 462 101) (patch 462 111) (patch 468 115)]]]
[]
[[459.58516186500606 125.90950773742806 2 4 113 125] (train 716) [453 125 2 4 106 124] (train 434) [449 96 2 3 102 95] [447 95 2 3 100 94] [[(patch 460 126) (patch 482 140) (patch 482 142) (patch 462 145)] [(patch 462 145) (patch 289 145)] [(patch 289 145) (patch 263 142) (patch 263 133) (patch 275 109) (patch 291 106)] [(patch 291 106) (patch 464 106)] [(patch 464 106) (patch 482 103) (patch 482 101) (patch 471 93) (patch 452 93) (patch 447 95)]]]
[]
[[101.85109024542008 42.2587747037562 0 1 101 41] (train 321) [92 41 0 1 91 40] (outside 853) [500 73 2 3 153 72] [494 72 2 3 147 71] [[(patch 102 42) (patch 138 47) (patch 138 49) (patch 113 58)] [(patch 113 58) (patch 286 58)] [(patch 286 58) (patch 273 64) (patch 273 67) (patch 292 74)] [(patch 292 74) (patch 465 74)] [(patch 465 74) (patch 490 73) (patch 494 72)]]]
[]
[[437.8071942344138 114.11190090042828 2 3 91 113] (train 579) [453 115 2 3 106 114] (outside 877) [518 138 2 4 171 137] [518 141 2 4 171 140] [[(patch 438 114) (patch 475 111) (patch 482 111) (patch 482 109) (patch 464 106)] [(patch 464 106) (patch 291 106)] [(patch 291 106) (patch 275 109) (patch 263 140) (patch 263 142) (patch 289 145)] [(patch 289 145) (patch 462 145)] [(patch 462 145) (patch 518 141)]]]
[]
[[104.71993004634012 42.015503980114964 0 1 104 41] (train 321) [92 41 0 1 91 40] (train 716) [453 125 2 4 106 124] [468 123 2 4 121 122] [[(patch 105 42) (patch 138 47) (patch 138 49) (patch 113 58)] [(patch 113 58) (patch 286 58)] [(patch 286 58) (patch 273 64) (patch 271 76) (patch 263 141) (patch 263 142) (patch 289 145)] [(patch 289 145) (patch 462 145)] [(patch 462 145) (patch 482 142) (patch 482 140) (patch 471 134) (patch 468 123)]]]
[]
[[436.5664834992308 93.5074008313677 2 3 90 93] (train 434) [449 96 2 3 102 95] (train 321) [92 41 0 1 91 40] [79 43 0 1 78 42] [[(patch 437 94) (patch 476 84) (patch 476 82) (patch 465 74)] [(patch 465 74) (patch 292 74)] [(patch 292 74) (patch 273 67) (patch 273 64) (patch 286 58)] [(patch 286 58) (patch 113 58)] [(patch 113 58) (patch 138 49) (patch 138 47) (patch 79 43)]]]
[]
[[80.58147211130984 43.354991936883565 0 1 80 42] (train 321) [92 41 0 1 91 40] (train 434) [449 96 2 3 102 95] [456 95 2 3 109 94] [[(patch 81 43) (patch 138 47) (patch 138 49) (patch 113 58)] [(patch 113 58) (patch 286 58)] [(patch 286 58) (patch 273 64) (patch 273 67) (patch 292 74)] [(patch 292 74) (patch 465 74)] [(patch 465 74) (patch 476 82) (patch 476 84) (patch 456 95)]]]
[]
[[460.46826977091223 123.70592195487143 2 4 113 123] (train 716) [453 125 2 4 106 124] (outside 877) [518 138 2 4 171 137] [518 138 2 4 171 137] [[(patch 460 124) (patch 469 127) (patch 518 138)]]]
[]
[[443.97438905373787 115.79739140255738 2 3 97 115] (train 579) [453 115 2 3 106 114] (outside 877) [518 138 2 4 171 137] [518 145 2 4 171 144] [[(patch 444 116) (patch 475 111) (patch 482 111) (patch 482 109) (patch 464 106)] [(patch 464 106) (patch 291 106)] [(patch 291 106) (patch 275 109) (patch 263 140) (patch 263 142) (patch 289 145)] [(patch 289 145) (patch 462 145)] [(patch 462 145) (patch 518 145)]]]
[]
[[98.59821583039613 30.452790454615194 0 0 98 29] (train 207) [92 31 0 0 91 30] (train 434) [449 96 2 3 102 95] [459 94 2 3 112 93] [[(patch 99 30) (patch 117 22) (patch 136 16) (patch 136 14) (patch 109 11)] [(patch 109 11) (patch 282 11)] [(patch 282 11) (patch 264 17) (patch 264 47) (patch 273 67) (patch 292 74)] [(patch 292 74) (patch 465 74)] [(patch 465 74) (patch 476 82) (patch 476 84) (patch 459 94)]]]
[]
[[446.58897297067546 95.04930571418069 2 3 100 94] (train 434) [449 96 2 3 102 95] (train 321) [92 41 0 1 91 40] [85 41 0 1 84 40] [[(patch 447 95) (patch 476 84) (patch 476 82) (patch 465 74)] [(patch 465 74) (patch 292 74)] [(patch 292 74) (patch 273 67) (patch 273 64) (patch 286 58)] [(patch 286 58) (patch 113 58)] [(patch 113 58) (patch 138 49) (patch 138 47) (patch 85 41)]]]
[]
[[93.36941452493468 29.807308239973047 0 0 92 29] (train 207) [92 31 0 0 91 30] (outside 853) [500 73 2 3 153 72] [494 72 2 3 147 71] [[(patch 93 30) (patch 136 16) (patch 136 14) (patch 109 11)] [(patch 109 11) (patch 282 11)] [(patch 282 11) (patch 264 17) (patch 264 47) (patch 273 67) (patch 292 74)] [(patch 292 74) (patch 465 74)] [(patch 465 74) (patch 490 73) (patch 494 72)]]]
[]
[[446.4468103671348 113.63542162723918 2 3 99 113] (train 579) [453 115 2 3 106 114] (outside 877) [518 138 2 4 171 137] [518 139 2 4 171 138] [[(patch 446 114) (patch 475 111) (patch 482 111) (patch 482 109) (patch 464 106)] [(patch 464 106) (patch 291 106)] [(patch 291 106) (patch 275 109) (patch 263 140) (patch 263 142) (patch 289 145)] [(patch 289 145) (patch 462 145)] [(patch 462 145) (patch 518 139)]]]
[]
[[84.590153310794 32.69242980961854 0 0 84 32] (train 207) [92 31 0 0 91 30] (train 716) [453 125 2 4 106 124] [463 126 2 4 116 125] [[(patch 85 33) (patch 136 16) (patch 136 14) (patch 109 11)] [(patch 109 11) (patch 282 11)] [(patch 282 11) (patch 264 17) (patch 263 142) (patch 289 145)] [(patch 289 145) (patch 462 145)] [(patch 462 145) (patch 482 142) (patch 482 140) (patch 463 126)]]]
[]
[[86.13233951411057 32.690861392848795 0 0 85 32] (train 207) [92 31 0 0 91 30] (train 321) [92 41 0 1 91 40] [94 41 0 1 93 40] [[(patch 86 33) (patch 136 16) (patch 136 14) (patch 109 11)] [(patch 109 11) (patch 282 11)] [(patch 282 11) (patch 264 17) (patch 264 37) (patch 267 54) (patch 286 58)] [(patch 286 58) (patch 113 58)] [(patch 113 58) (patch 138 49) (patch 138 47) (patch 94 41)]]]
[]
[[432.35868292077123 94.17284611197046 2 3 85 93] (train 434) [449 96 2 3 102 95] (train 716) [453 125 2 4 106 124] [439 126 2 4 92 125] [[(patch 432 94) (patch 466 93) (patch 471 93) (patch 482 101) (patch 482 103) (patch 464 106)] [(patch 464 106) (patch 291 106)] [(patch 291 106) (patch 266 110) (patch 251 142) (patch 231 145)] [(patch 231 145) (patch 404 145)] [(patch 404 145) (patch 392 142) (patch 392 139) (patch 439 126)]]]
[]
[[82.33117464998138 33.650171660388246 0 0 81 33] (train 207) [92 31 0 0 91 30] (train 321) [92 41 0 1 91 40] [87 40 0 1 86 39] [[(patch 82 34) (patch 136 16) (patch 136 14) (patch 109 11)] [(patch 109 11) (patch 282 11)] [(patch 282 11) (patch 264 17) (patch 264 37) (patch 267 54) (patch 286 58)] [(patch 286 58) (patch 113 58)] [(patch 113 58) (patch 138 49) (patch 138 47) (patch 87 40)]]]
[]
[[446.5404272197057 124.223473335674 2 4 100 123] (train 716) [453 125 2 4 106 124] (train 579) [453 115 2 3 106 114] [456 115 2 3 109 114] [[(patch 447 124) (patch 482 140) (patch 482 142) (patch 462 145)] [(patch 462 145) (patch 289 145)] [(patch 289 145) (patch 263 142) (patch 263 133) (patch 275 109) (patch 291 106)] [(patch 291 106) (patch 464 106)] [(patch 464 106) (patch 482 109) (patch 482 111) (patch 455 113) (patch 456 115)]]]
[]
[[91.69520452184945 32.418864141962956 0 0 91 31] (train 207) [92 31 0 0 91 30] (outside 877) [518 138 2 4 171 137] [518 131 2 4 171 130] [[(patch 92 32) (patch 135 16) (patch 136 16) (patch 136 14) (patch 109 11)] [(patch 109 11) (patch 282 11)] [(patch 282 11) (patch 264 17) (patch 263 142) (patch 289 145)] [(patch 289 145) (patch 462 145)] [(patch 462 145) (patch 478 143) (patch 518 131)]]]
[]
[[450.0457157220855 114.6424959052964 2 3 103 114] (train 579) [453 115 2 3 106 114] (train 207) [92 31 0 0 91 30] [93 31 0 0 92 30] [[(patch 450 115) (patch 462 100) (patch 471 100) (patch 476 84) (patch 476 82) (patch 465 74)] [(patch 465 74) (patch 292 74)] [(patch 292 74) (patch 273 67) (patch 267 54) (patch 266 48) (patch 264 23) (patch 264 17) (patch 282 11)] [(patch 282 11) (patch 109 11)] [(patch 109 11) (patch 136 14) (patch 136 16) (patch 93 31)]]]
[]
[[450.2952621532076 125.30469392046533 2 4 103 124] (train 716) [453 125 2 4 106 124] (train 579) [453 115 2 3 106 114] [467 114 2 3 120 113] [[(patch 450 125) (patch 482 140) (patch 482 142) (patch 462 145)] [(patch 462 145) (patch 289 145)] [(patch 289 145) (patch 263 142) (patch 263 133) (patch 275 109) (patch 291 106)] [(patch 291 106) (patch 464 106)] [(patch 464 106) (patch 482 109) (patch 482 111) (patch 455 113) (patch 467 114)]]]
[]
[[93.53225995459344 41.92370985136536 0 1 93 41] (train 321) [92 41 0 1 91 40] (train 579) [453 115 2 3 106 114] [450 116 2 3 103 115] [[(patch 94 42) (patch 138 47) (patch 138 49) (patch 113 58)] [(patch 113 58) (patch 286 58)] [(patch 286 58) (patch 273 64) (patch 273 67) (patch 292 74)] [(patch 292 74) (patch 465 74)] [(patch 465 74) (patch 476 82) (patch 476 92) (patch 471 100) (patch 462 101) (patch 450 116)]]]
[]
[[445.059521683859 114.50605589764183 2 3 98 114] (train 579) [453 115 2 3 106 114] (outside 853) [500 73 2 3 153 72] [506 74 2 3 159 73] [[(patch 445 115) (patch 462 101) (patch 482 99) (patch 506 74)]]]
[]
[[82.83660978207466 42.43428725268804 0 1 82 41] (train 321) [92 41 0 1 91 40] (train 579) [453 115 2 3 106 114] [446 115 2 3 99 114] [[(patch 83 42) (patch 138 47) (patch 138 49) (patch 113 58)] [(patch 113 58) (patch 286 58)] [(patch 286 58) (patch 273 64) (patch 273 67) (patch 292 74)] [(patch 292 74) (patch 465 74)] [(patch 465 74) (patch 476 82) (patch 476 92) (patch 471 100) (patch 462 101) (patch 446 115)]]]
[]
[[456.2461322434997 113.26727797264475 2 3 109 112] (train 579) [453 115 2 3 106 114] (train 716) [453 125 2 4 106 124] [437 126 2 4 90 125] [[(patch 456 113) (patch 475 111) (patch 482 111) (patch 482 109) (patch 464 106)] [(patch 464 106) (patch 291 106)] [(patch 291 106) (patch 266 110) (patch 251 142) (patch 231 145)] [(patch 231 145) (patch 404 145)] [(patch 404 145) (patch 392 142) (patch 392 139) (patch 431 130) (patch 437 126)]]]
[]
[[460.1179580482141 96.64315333242111 2 3 113 96] (train 434) [449 96 2 3 102 95] (outside 853) [500 73 2 3 153 72] [510 74 2 3 163 73] [[(patch 460 97) (patch 466 93) (patch 510 74)]]]
[]
[[467.34299011099336 114.95086761892861 2 3 120 114] (train 579) [453 115 2 3 106 114] (train 716) [453 125 2 4 106 124] [436 124 2 4 89 123] [[(patch 467 115) (patch 469 112) (patch 475 111) (patch 482 111) (patch 482 109) (patch 464 106)] [(patch 464 106) (patch 291 106)] [(patch 291 106) (patch 266 110) (patch 251 142) (patch 231 145)] [(patch 231 145) (patch 404 145)] [(patch 404 145) (patch 392 142) (patch 392 139) (patch 436 129) (patch 436 124)]]]
[]
[[438.02567750334435 113.10563699675232 2 3 91 112] (train 579) [453 115 2 3 106 114] (train 321) [92 41 0 1 91 40] [100 40 0 1 99 39] [[(patch 438 113) (patch 462 100) (patch 471 100) (patch 476 84) (patch 476 82) (patch 465 74)] [(patch 465 74) (patch 292 74)] [(patch 292 74) (patch 273 67) (patch 273 64) (patch 286 58)] [(patch 286 58) (patch 113 58)] [(patch 113 58) (patch 138 49) (patch 138 47) (patch 111 44) (patch 100 40)]]]
[]
[[456.6885383601422 95.89891250641702 2 3 110 95] (train 434) [449 96 2 3 102 95] (outside 853) [500 73 2 3 153 72] [509 74 2 3 162 73] [[(patch 457 96) (patch 509 74)]]]
[]
[[437.4349030926623 123.48512450492464 2 4 90 122] (train 716) [453 125 2 4 106 124] (outside 877) [518 138 2 4 171 137] [518 137 2 4 171 136] [[(patch 437 123) (patch 518 137)]]]
[]
[[457.48680026843016 113.39652533914621 2 3 110 112] (train 579) [453 115 2 3 106 114] (outside 877) [518 138 2 4 171 137] [518 136 2 4 171 135] [[(patch 457 113) (patch 475 111) (patch 482 111) (patch 482 109) (patch 464 106)] [(patch 464 106) (patch 291 106)] [(patch 291 106) (patch 275 109) (patch 263 140) (patch 263 142) (patch 289 145)] [(patch 289 145) (patch 462 145)] [(patch 462 145) (patch 463 145) (patch 518 136)]]]
[]
[[456.9785561728439 115.65066640683311 2 3 110 115] (train 579) [453 115 2 3 106 114] (train 716) [453 125 2 4 106 124] [440 126 2 4 93 125] [[(patch 457 116) (patch 473 111) (patch 475 111) (patch 482 111) (patch 482 109) (patch 464 106)] [(patch 464 106) (patch 291 106)] [(patch 291 106) (patch 275 109) (patch 263 140) (patch 263 142) (patch 289 145)] [(patch 289 145) (patch 462 145)] [(patch 462 145) (patch 482 142) (patch 482 140) (patch 440 126)]]]
[]
[[81.42905055480502 44.352195794551356 0 1 80 43] (train 321) [92 41 0 1 91 40] (outside 877) [518 138 2 4 171 137] [518 141 2 4 171 140] [[(patch 81 44) (patch 138 47) (patch 138 49) (patch 113 58)] [(patch 113 58) (patch 286 58)] [(patch 286 58) (patch 273 64) (patch 271 76) (patch 263 141) (patch 263 142) (patch 289 145)] [(patch 289 145) (patch 462 145)] [(patch 462 145) (patch 518 141)]]]
[]
[[448.92533884397267 123.49020665047135 2 4 102 122] (train 716) [453 125 2 4 106 124] (train 579) [453 115 2 3 106 114] [459 114 2 3 112 113] [[(patch 449 123) (patch 482 140) (patch 482 142) (patch 462 145)] [(patch 462 145) (patch 289 145)] [(patch 289 145) (patch 263 142) (patch 263 133) (patch 275 109) (patch 291 106)] [(patch 291 106) (patch 464 106)] [(patch 464 106) (patch 482 109) (patch 482 111) (patch 455 113) (patch 459 114)]]]
[]
[[442.89261389065973 112.86784302315736 2 3 96 112] (train 579) [453 115 2 3 106 114] (train 434) [449 96 2 3 102 95] [432 95 2 3 85 94] [[(patch 443 113) (patch 464 100) (patch 471 100) (patch 471 93) (patch 433 93) (patch 432 95)]]]
[]
[[81.11492067743536 41.75415907662162 0 1 80 41] (train 321) [92 41 0 1 91 40] (train 716) [453 125 2 4 106 124] [456 125 2 4 109 124] [[(patch 81 42) (patch 138 47) (patch 138 49) (patch 113 58)] [(patch 113 58) (patch 286 58)] [(patch 286 58) (patch 273 64) (patch 271 76) (patch 263 141) (patch 263 142) (patch 289 145)] [(patch 289 145) (patch 462 145)] [(patch 462 145) (patch 482 142) (patch 482 140) (patch 456 125)]]]
[]
[[96.79262937812572 28.998474213634154 0 0 96 28] (train 207) [92 31 0 0 91 30] (outside 853) [500 73 2 3 153 72] [491 72 2 3 144 71] [[(patch 97 29) (patch 136 16) (patch 136 14) (patch 109 11)] [(patch 109 11) (patch 282 11)] [(patch 282 11) (patch 264 17) (patch 264 47) (patch 273 67) (patch 292 74)] [(patch 292 74) (patch 465 74)] [(patch 465 74) (patch 490 73) (patch 491 72)]]]
[]
[[93.8202934221628 32.99046906775717 0 0 93 32] (train 207) [92 31 0 0 91 30] (train 321) [92 41 0 1 91 40] [88 41 0 1 87 40] [[(patch 94 33) (patch 103 27) (patch 136 16) (patch 136 14) (patch 109 11)] [(patch 109 11) (patch 282 11)] [(patch 282 11) (patch 264 17) (patch 264 37) (patch 267 54) (patch 286 58)] [(patch 286 58) (patch 113 58)] [(patch 113 58) (patch 138 49) (patch 138 47) (patch 88 41)]]]
[]
[[443.95184109377686 123.52906729695107 2 4 97 123] (train 716) [453 125 2 4 106 124] (train 579) [453 115 2 3 106 114] [464 116 2 3 117 115] [[(patch 444 124) (patch 482 140) (patch 482 142) (patch 462 145)] [(patch 462 145) (patch 289 145)] [(patch 289 145) (patch 263 142) (patch 263 133) (patch 275 109) (patch 291 106)] [(patch 291 106) (patch 464 106)] [(patch 464 106) (patch 482 109) (patch 482 111) (patch 455 113) (patch 464 116)]]]
[]
[[81.67357159069522 33.592840569726484 0 0 81 33] (train 207) [92 31 0 0 91 30] (outside 877) [518 138 2 4 171 137] [518 137 2 4 171 136] [[(patch 82 34) (patch 136 16) (patch 136 14) (patch 109 11)] [(patch 109 11) (patch 282 11)] [(patch 282 11) (patch 264 17) (patch 263 142) (patch 289 145)] [(patch 289 145) (patch 462 145)] [(patch 462 145) (patch 518 137)]]]
[]
[[459.17403661701115 124.69099729952725 2 4 112 124] (train 716) [453 125 2 4 106 124] (train 321) [92 41 0 1 91 40] [91 40 0 1 90 39] [[(patch 459 125) (patch 482 140) (patch 482 142) (patch 462 145)] [(patch 462 145) (patch 289 145)] [(patch 289 145) (patch 263 142) (patch 265 78) (patch 273 64) (patch 286 58)] [(patch 286 58) (patch 113 58)] [(patch 113 58) (patch 138 49) (patch 138 47) (patch 91 40)]]]
[]
[[438.005508883904 93.9367387238918 2 3 91 93] (train 434) [449 96 2 3 102 95] (train 579) [453 115 2 3 106 114] [446 116 2 3 99 115] [[(patch 438 94) (patch 468 93) (patch 471 93) (patch 471 100) (patch 461 101) (patch 446 116)]]]
[]
[[453.81069774197135 113.89043595108923 2 3 107 113] (train 579) [453 115 2 3 106 114] (train 207) [92 31 0 0 91 30] [78 34 0 0 77 33] [[(patch 454 114) (patch 462 100) (patch 471 100) (patch 476 84) (patch 476 82) (patch 465 74)] [(patch 465 74) (patch 292 74)] [(patch 292 74) (patch 273 67) (patch 267 54) (patch 266 48) (patch 264 23) (patch 264 17) (patch 282 11)] [(patch 282 11) (patch 109 11)] [(patch 109 11) (patch 136 14) (patch 136 16) (patch 78 34)]]]
[]
[[459.3862539968193 95.81306053207051 2 3 112 95] (train 434) [449 96 2 3 102 95] (train 579) [453 115 2 3 106 114] [436 115 2 3 89 114] [[(patch 459 96) (patch 466 93) (patch 471 93) (patch 471 100) (patch 448 102) (patch 436 115)]]]
[]
[[97.66454981389067 31.548849969009815 0 0 97 31] (train 207) [92 31 0 0 91 30] (train 579) [453 115 2 3 106 114] [442 114 2 3 95 113] [[(patch 98 32) (patch 108 25) (patch 136 16) (patch 136 14) (patch 109 11)] [(patch 109 11) (patch 282 11)] [(patch 282 11) (patch 264 17) (patch 264 47) (patch 273 67) (patch 292 74)] [(patch 292 74) (patch 465 74)] [(patch 465 74) (patch 476 82) (patch 476 92) (patch 471 100) (patch 462 101) (patch 442 114)]]]
[]
[[460.6523064553204 94.63640651253417 2 3 114 94] (train 434) [449 96 2 3 102 95] (outside 877) [518 138 2 4 171 137] [518 142 2 4 171 141] [[(patch 461 95) (patch 466 93) (patch 471 93) (patch 482 101) (patch 482 103) (patch 464 106)] [(patch 464 106) (patch 291 106)] [(patch 291 106) (patch 275 109) (patch 263 140) (patch 263 142) (patch 289 145)] [(patch 289 145) (patch 462 145)] [(patch 462 145) (patch 518 142)]]]
[]
[[463.41568224732885 114.16081425485923 2 3 116 113] (train 579) [453 115 2 3 106 114] (train 207) [92 31 0 0 91 30] [84 34 0 0 83 33] [[(patch 463 114) (patch 460 103) (patch 462 100) (patch 471 100) (patch 476 84) (patch 476 82) (patch 465 74)] [(patch 465 74) (patch 292 74)] [(patch 292 74) (patch 273 67) (patch 267 54) (patch 266 48) (patch 264 23) (patch 264 17) (patch 282 11)] [(patch 282 11) (patch 109 11)] [(patch 109 11) (patch 136 14) (patch 136 16) (patch 114 23) (patch 84 34)]]]
[]
[[500.20577771776715 73.12501297605858 2 3 153 72] (outside 853) [500 73 2 3 153 72] (outside 877) [518 138 2 4 171 137] [518 139 2 4 171 138] [[(patch 500 73) (patch 482 103) (patch 464 106)] [(patch 464 106) (patch 291 106)] [(patch 291 106) (patch 275 109) (patch 263 140) (patch 263 142) (patch 289 145)] [(patch 289 145) (patch 462 145)] [(patch 462 145) (patch 518 139)]]]
[]
[[436.10103876485374 114.4438883077724 2 3 89 113] (train 579) [453 115 2 3 106 114] (outside 877) [518 138 2 4 171 137] [518 142 2 4 171 141] [[(patch 436 114) (patch 475 111) (patch 482 111) (patch 482 109) (patch 464 106)] [(patch 464 106) (patch 291 106)] [(patch 291 106) (patch 275 109) (patch 263 140) (patch 263 142) (patch 289 145)] [(patch 289 145) (patch 462 145)] [(patch 462 145) (patch 518 142)]]]
[]
[[92.58311426263651 29.722003178175527 0 0 92 29] (train 207) [92 31 0 0 91 30] (outside 877) [518 138 2 4 171 137] [518 144 2 4 171 143] [[(patch 93 30) (patch 136 16) (patch 136 14) (patch 109 11)] [(patch 109 11) (patch 282 11)] [(patch 282 11) (patch 264 17) (patch 263 142) (patch 289 145)] [(patch 289 145) (patch 462 145)] [(patch 462 145) (patch 518 144)]]]
[]
[[104.84660330188211 40.07324040842863 0 1 104 39] (train 321) [92 41 0 1 91 40] (train 579) [453 115 2 3 106 114] [467 116 2 3 120 115] [[(patch 105 40) (patch 105 43) (patch 138 47) (patch 138 49) (patch 113 58)] [(patch 113 58) (patch 286 58)] [(patch 286 58) (patch 273 64) (patch 273 67) (patch 292 74)] [(patch 292 74) (patch 465 74)] [(patch 465 74) (patch 476 82) (patch 476 92) (patch 471 100) (patch 462 101) (patch 458 107) (patch 467 116)]]]
[]
[[439.83762109004715 113.3218886419285 2 3 93 112] (train 579) [453 115 2 3 106 114] (train 207) [92 31 0 0 91 30] [97 30 0 0 96 29] [[(patch 440 113) (patch 462 100) (patch 471 100) (patch 476 84) (patch 476 82) (patch 465 74)] [(patch 465 74) (patch 292 74)] [(patch 292 74) (patch 273 67) (patch 267 54) (patch 266 48) (patch 264 23) (patch 264 17) (patch 282 11)] [(patch 282 11) (patch 109 11)] [(patch 109 11) (patch 136 14) (patch 136 16) (patch 97 30)]]]
[]
[[451.8305909918076 124.47529019490555 2 4 105 123] (train 716) [453 125 2 4 106 124] (train 579) [453 115 2 3 106 114] [453 113 2 3 106 112] [[(patch 452 124) (patch 482 140) (patch 482 142) (patch 462 145)] [(patch 462 145) (patch 289 145)] [(patch 289 145) (patch 263 142) (patch 263 133) (patch 275 109) (patch 291 106)] [(patch 291 106) (patch 464 106)] [(patch 464 106) (patch 482 109) (patch 482 111) (patch 455 113) (patch 453 113)]]]
[]
[[438.6179026084794 123.30706267123719 2 4 92 122] (train 716) [453 125 2 4 106 124] (train 434) [449 96 2 3 102 95] [440 95 2 3 93 94] [[(patch 439 123) (patch 433 130) (patch 392 139) (patch 392 142) (patch 404 145)] [(patch 404 145) (patch 231 145)] [(patch 231 145) (patch 256 142) (patch 275 109) (patch 291 106)] [(patch 291 106) (patch 464 106)] [(patch 464 106) (patch 482 103) (patch 482 101) (patch 471 93) (patch 452 93) (patch 440 95)]]]
[]
[[446.621598137617 96.88960870017878 2 3 100 96] (train 434) [449 96 2 3 102 95] (train 716) [453 125 2 4 106 124] [450 124 2 4 103 123] [[(patch 447 97) (patch 466 93) (patch 471 93) (patch 482 101) (patch 482 103) (patch 464 106)] [(patch 464 106) (patch 291 106)] [(patch 291 106) (patch 275 109) (patch 263 140) (patch 263 142) (patch 289 145)] [(patch 289 145) (patch 462 145)] [(patch 462 145) (patch 482 142) (patch 482 140) (patch 450 124)]]]
[]
[[465.90205742107395 93.67108208283817 2 3 119 93] (train 434) [449 96 2 3 102 95] (train 321) [92 41 0 1 91 40] [83 43 0 1 82 42] [[(patch 466 94) (patch 467 88) (patch 476 84) (patch 476 82) (patch 465 74)] [(patch 465 74) (patch 292 74)] [(patch 292 74) (patch 273 67) (patch 273 64) (patch 286 58)] [(patch 286 58) (patch 113 58)] [(patch 113 58) (patch 138 49) (patch 138 47) (patch 83 43)]]]
[]
[[82.72318361087534 32.47363496624834 0 0 82 31] (train 207) [92 31 0 0 91 30] (train 321) [92 41 0 1 91 40] [89 41 0 1 88 40] [[(patch 83 32) (patch 136 16) (patch 136 14) (patch 109 11)] [(patch 109 11) (patch 282 11)] [(patch 282 11) (patch 264 17) (patch 264 37) (patch 267 54) (patch 286 58)] [(patch 286 58) (patch 113 58)] [(patch 113 58) (patch 138 49) (patch 138 47) (patch 89 41)]]]
[]
[[85.56408682219856 41.194748882565804 0 1 85 40] (train 321) [92 41 0 1 91 40] (outside 853) [500 73 2 3 153 72] [502 73 2 3 155 72] [[(patch 86 41) (patch 138 47) (patch 138 49) (patch 113 58)] [(patch 113 58) (patch 286 58)] [(patch 286 58) (patch 273 64) (patch 273 67) (patch 292 74)] [(patch 292 74) (patch 465 74)] [(patch 465 74) (patch 502 73)]]]
[]
[[517.7079728376002 137.3308926350469 2 4 171 136] (outside 877) [518 138 2 4 171 137] (train 321) [92 41 0 1 91 40] [100 40 0 1 99 39] [[(patch 518 137) (patch 462 145)] [(patch 462 145) (patch 289 145)] [(patch 289 145) (patch 263 142) (patch 265 78) (patch 273 64) (patch 286 58)] [(patch 286 58) (patch 113 58)] [(patch 113 58) (patch 138 49) (patch 138 47) (patch 111 44) (patch 100 40)]]]
[]
[[433.6581326914204 96.80495931308734 2 3 87 96] (train 434) [449 96 2 3 102 95] (train 716) [453 125 2 4 106 124] [438 126 2 4 91 125] [[(patch 434 97) (patch 466 93) (patch 471 93) (patch 482 101) (patch 482 103) (patch 464 106)] [(patch 464 106) (patch 291 106)] [(patch 291 106) (patch 266 110) (patch 251 142) (patch 231 145)] [(patch 231 145) (patch 404 145)] [(patch 404 145) (patch 392 142) (patch 392 139) (patch 419 133) (patch 438 126)]]]
[]
[[89.96127279467738 32.58294709116146 0 0 89 32] (train 207) [92 31 0 0 91 30] (outside 853) [500 73 2 3 153 72] [499 73 2 3 152 72] [[(patch 90 33) (patch 129 18) (patch 136 16) (patch 136 14) (patch 109 11)] [(patch 109 11) (patch 282 11)] [(patch 282 11) (patch 264 17) (patch 264 47) (patch 273 67) (patch 292 74)] [(patch 292 74) (patch 465 74)] [(patch 465 74) (patch 499 73)]]]
[]
[[98.79665380303587 38.96719497475435 0 1 98 38] (train 321) [92 41 0 1 91 40] (train 579) [453 115 2 3 106 114] [437 113 2 3 90 112] [[(patch 99 39) (patch 108 43) (patch 138 47) (patch 138 49) (patch 113 58)] [(patch 113 58) (patch 286 58)] [(patch 286 58) (patch 273 64) (patch 273 67) (patch 292 74)] [(patch 292 74) (patch 465 74)] [(patch 465 74) (patch 476 82) (patch 476 92) (patch 471 100) (patch 462 101) (patch 437 113)]]]
[]
[[97.36811089769195 41.90698519201244 0 1 96 41] (train 321) [92 41 0 1 91 40] (train 579) [453 115 2 3 106 114] [469 114 2 3 122 113] [[(patch 97 42) (patch 138 47) (patch 138 49) (patch 113 58)] [(patch 113 58) (patch 286 58)] [(patch 286 58) (patch 273 64) (patch 273 67) (patch 292 74)] [(patch 292 74) (patch 465 74)] [(patch 465 74) (patch 476 82) (patch 476 92) (patch 471 100) (patch 462 101) (patch 457 109) (patch 469 114)]]]
[]
[[444.57341458472416 96.51743114697035 2 3 98 96] (train 434) [449 96 2 3 102 95] (train 716) [453 125 2 4 106 124] [447 123 2 4 100 122] [[(patch 445 97) (patch 466 93) (patch 471 93) (patch 482 101) (patch 482 103) (patch 464 106)] [(patch 464 106) (patch 291 106)] [(patch 291 106) (patch 275 109) (patch 263 140) (patch 263 142) (patch 289 145)] [(patch 289 145) (patch 462 145)] [(patch 462 145) (patch 482 142) (patch 482 140) (patch 447 123)]]]
[]
[[464.1183722226213 94.32247576114894 2 3 117 93] (train 434) [449 96 2 3 102 95] (train 321) [92 41 0 1 91 40] [96 42 0 1 95 41] [[(patch 464 94) (patch 476 84) (patch 476 82) (patch 465 74)] [(patch 465 74) (patch 292 74)] [(patch 292 74) (patch 273 67) (patch 273 64) (patch 286 58)] [(patch 286 58) (patch 113 58)] [(patch 113 58) (patch 138 49) (patch 138 47) (patch 96 42)]]]
[]
[[91.92842834534322 30.00583471687414 0 0 91 29] (train 207) [92 31 0 0 91 30] (train 579) [453 115 2 3 106 114] [466 113 2 3 119 112] [[(patch 92 30) (patch 136 16) (patch 136 14) (patch 109 11)] [(patch 109 11) (patch 282 11)] [(patch 282 11) (patch 264 17) (patch 264 47) (patch 273 67) (patch 292 74)] [(patch 292 74) (patch 465 74)] [(patch 465 74) (patch 476 82) (patch 476 92) (patch 471 100) (patch 462 101) (patch 457 108) (patch 466 113)]]]
[]
[[451.99761029043555 123.0951843210293 2 4 105 122] (train 716) [453 125 2 4 106 124] (outside 853) [500 73 2 3 153 72] [497 73 2 3 150 72] [[(patch 452 123) (patch 482 140) (patch 482 142) (patch 462 145)] [(patch 462 145) (patch 289 145)] [(patch 289 145) (patch 263 142) (patch 263 133) (patch 275 109) (patch 291 106)] [(patch 291 106) (patch 464 106)] [(patch 464 106) (patch 482 103) (patch 497 73)]]]
[]
[[445.22162439581325 114.38885973551604 2 3 98 113] (train 579) [453 115 2 3 106 114] (train 321) [92 41 0 1 91 40] [87 41 0 1 86 40] [[(patch 445 114) (patch 462 100) (patch 471 100) (patch 476 84) (patch 476 82) (patch 465 74)] [(patch 465 74) (patch 292 74)] [(patch 292 74) (patch 273 67) (patch 273 64) (patch 286 58)] [(patch 286 58) (patch 113 58)] [(patch 113 58) (patch 138 49) (patch 138 47) (patch 87 41)]]]
[]
[[443.15914066005143 123.72702598707818 2 4 96 123] (train 716) [453 125 2 4 106 124] (train 207) [92 31 0 0 91 30] [98 32 0 0 97 31] [[(patch 443 124) (patch 420 133) (patch 392 139) (patch 392 142) (patch 404 145)] [(patch 404 145) (patch 231 145)] [(patch 231 145) (patch 251 142) (patch 264 17) (patch 282 11)] [(patch 282 11) (patch 109 11)] [(patch 109 11) (patch 136 14) (patch 136 16) (patch 108 25) (patch 98 32)]]]
[]
[[517.9445008882718 135.02814772316404 2 4 171 134] (outside 877) [518 138 2 4 171 137] (train 321) [92 41 0 1 91 40] [94 43 0 1 93 42] [[(patch 518 135) (patch 466 145) (patch 462 145)] [(patch 462 145) (patch 289 145)] [(patch 289 145) (patch 263 142) (patch 265 78) (patch 273 64) (patch 286 58)] [(patch 286 58) (patch 113 58)] [(patch 113 58) (patch 138 49) (patch 138 47) (patch 94 43)]]]
[]
[[452.14574502852986 93.52346794259374 2 3 105 93] (train 434) [449 96 2 3 102 95] (outside 853) [500 73 2 3 153 72] [498 73 2 3 151 72] [[(patch 452 94) (patch 467 93) (patch 498 73)]]]
[]
[[498.469051904099 73.15299287509421 2 3 151 72] (outside 853) [500 73 2 3 153 72] (train 579) [453 115 2 3 106 114] [455 116 2 3 108 115] [[(patch 498 73) (patch 470 101) (patch 462 101) (patch 455 116)]]]
[]
[[451.6875074521789 94.09573717190686 2 3 105 93] (train 434) [449 96 2 3 102 95] (train 716) [453 125 2 4 106 124] [437 126 2 4 90 125] [[(patch 452 94) (patch 466 93) (patch 471 93) (patch 482 101) (patch 482 103) (patch 464 106)] [(patch 464 106) (patch 291 106)] [(patch 291 106) (patch 266 110) (patch 251 142) (patch 231 145)] [(patch 231 145) (patch 404 145)] [(patch 404 145) (patch 392 142) (patch 392 139) (patch 431 130) (patch 437 126)]]]
[]
[[96.89001340786766 29.480254780877463 0 0 96 28] (train 207) [92 31 0 0 91 30] (train 321) [92 41 0 1 91 40] [99 41 0 1 98 40] [[(patch 97 29) (patch 136 16) (patch 136 14) (patch 109 11)] [(patch 109 11) (patch 282 11)] [(patch 282 11) (patch 264 17) (patch 264 37) (patch 267 54) (patch 286 58)] [(patch 286 58) (patch 113 58)] [(patch 113 58) (patch 138 49) (patch 138 47) (patch 99 41)]]]
[]
[[453.33877527964967 113.34308352039582 2 3 106 112] (train 579) [453 115 2 3 106 114] (train 716) [453 125 2 4 106 124] [449 123 2 4 102 122] [[(patch 453 113) (patch 475 111) (patch 482 111) (patch 482 109) (patch 464 106)] [(patch 464 106) (patch 291 106)] [(patch 291 106) (patch 275 109) (patch 263 140) (patch 263 142) (patch 289 145)] [(patch 289 145) (patch 462 145)] [(patch 462 145) (patch 482 142) (patch 482 140) (patch 449 123)]]]
[]
[[434.7847731400995 93.535416340036 2 3 88 93] (train 434) [449 96 2 3 102 95] (train 716) [453 125 2 4 106 124] [437 126 2 4 90 125] [[(patch 435 94) (patch 466 93) (patch 471 93) (patch 482 101) (patch 482 103) (patch 464 106)] [(patch 464 106) (patch 291 106)] [(patch 291 106) (patch 266 110) (patch 251 142) (patch 231 145)] [(patch 231 145) (patch 404 145)] [(patch 404 145) (patch 392 142) (patch 392 139) (patch 431 130) (patch 437 126)]]]
[]
[[453.8718593320586 96.34473634757924 2 3 107 95] (train 434) [449 96 2 3 102 95] (outside 877) [518 138 2 4 171 137] [518 135 2 4 171 134] [[(patch 454 96) (patch 466 93) (patch 471 93) (patch 482 101) (patch 482 103) (patch 464 106)] [(patch 464 106) (patch 291 106)] [(patch 291 106) (patch 275 109) (patch 263 140) (patch 263 142) (patch 289 145)] [(patch 289 145) (patch 462 145)] [(patch 462 145) (patch 466 145) (patch 518 135)]]]
[]
[[445.95312748252564 114.66804100115031 2 3 99 114] (train 579) [453 115 2 3 106 114] (train 207) [92 31 0 0 91 30] [87 30 0 0 86 29] [[(patch 446 115) (patch 462 100) (patch 471 100) (patch 476 84) (patch 476 82) (patch 465 74)] [(patch 465 74) (patch 292 74)] [(patch 292 74) (patch 273 67) (patch 267 54) (patch 266 48) (patch 264 23) (patch 264 17) (patch 282 11)] [(patch 282 11) (patch 109 11)] [(patch 109 11) (patch 136 14) (patch 136 16) (patch 87 30)]]]
[]
[[448.4620671832373 96.94813385206895 2 3 101 96] (train 434) [449 96 2 3 102 95] (train 716) [453 125 2 4 106 124] [456 123 2 4 109 122] [[(patch 448 97) (patch 466 93) (patch 471 93) (patch 482 101) (patch 482 103) (patch 464 106)] [(patch 464 106) (patch 291 106)] [(patch 291 106) (patch 275 109) (patch 263 140) (patch 263 142) (patch 289 145)] [(patch 289 145) (patch 462 145)] [(patch 462 145) (patch 482 142) (patch 482 140) (patch 456 123)]]]
[]
[[461.0931864772281 96.70064085792293 2 3 114 96] (train 434) [449 96 2 3 102 95] (outside 877) [518 138 2 4 171 137] [518 135 2 4 171 134] [[(patch 461 97) (patch 466 93) (patch 471 93) (patch 482 101) (patch 482 103) (patch 464 106)] [(patch 464 106) (patch 291 106)] [(patch 291 106) (patch 275 109) (patch 263 140) (patch 263 142) (patch 289 145)] [(patch 289 145) (patch 462 145)] [(patch 462 145) (patch 466 145) (patch 518 135)]]]
[]
[[86.83282772776987 41.21060831778432 0 1 86 40] (train 321) [92 41 0 1 91 40] (outside 853) [500 73 2 3 153 72] [507 74 2 3 160 73] [[(patch 87 41) (patch 138 47) (patch 138 49) (patch 113 58)] [(patch 113 58) (patch 286 58)] [(patch 286 58) (patch 273 64) (patch 273 67) (patch 292 74)] [(patch 292 74) (patch 465 74)] [(patch 465 74) (patch 507 74)]]]
[]
[[86.03161627662278 33.86317656240327 0 0 85 33] (train 207) [92 31 0 0 91 30] (train 716) [453 125 2 4 106 124] [461 126 2 4 114 125] [[(patch 86 34) (patch 86 33) (patch 136 16) (patch 136 14) (patch 109 11)] [(patch 109 11) (patch 282 11)] [(patch 282 11) (patch 264 17) (patch 263 142) (patch 289 145)] [(patch 289 145) (patch 462 145)] [(patch 462 145) (patch 482 142) (patch 482 140) (patch 461 126)]]]
[]
[[447.5749833002963 113.61558475121575 2 3 101 113] (train 579) [453 115 2 3 106 114] (train 716) [453 125 2 4 106 124] [469 126 2 4 122 125] [[(patch 448 114) (patch 475 111) (patch 482 111) (patch 482 109) (patch 464 106)] [(patch 464 106) (patch 291 106)] [(patch 291 106) (patch 275 109) (patch 263 140) (patch 263 142) (patch 289 145)] [(patch 289 145) (patch 462 145)] [(patch 462 145) (patch 482 142) (patch 482 140) (patch 470 134) (patch 469 126)]]]
[]
[[455.6403855160998 124.01337362320729 2 4 109 123] (train 716) [453 125 2 4 106 124] (outside 877) [518 138 2 4 171 137] [518 139 2 4 171 138] [[(patch 456 124) (patch 518 139)]]]
[]
[[93.39724249463904 41.97835554184913 0 1 92 41] (train 321) [92 41 0 1 91 40] (train 716) [453 125 2 4 106 124] [436 126 2 4 89 125] [[(patch 93 42) (patch 138 47) (patch 138 49) (patch 113 58)] [(patch 113 58) (patch 286 58)] [(patch 286 58) (patch 273 64) (patch 251 142) (patch 231 145)] [(patch 231 145) (patch 404 145)] [(patch 404 145) (patch 392 142) (patch 392 139) (patch 436 129) (patch 436 126)]]]
[]
[[97.20515025606528 31.70126852019425 0 0 96 31] (train 207) [92 31 0 0 91 30] (train 579) [453 115 2 3 106 114] [442 116 2 3 95 115] [[(patch 97 32) (patch 108 25) (patch 136 16) (patch 136 14) (patch 109 11)] [(patch 109 11) (patch 282 11)] [(patch 282 11) (patch 264 17) (patch 264 47) (patch 273 67) (patch 292 74)] [(patch 292 74) (patch 465 74)] [(patch 465 74) (patch 476 82) (patch 476 92) (patch 471 100) (patch 462 101) (patch 442 116)]]]
[]
[[89.78581769001559 31.876950217170542 0 0 89 31] (train 207) [92 31 0 0 91 30] (train 579) [453 115 2 3 106 114] [448 116 2 3 101 115] [[(patch 90 32) (patch 136 16) (patch 136 14) (patch 109 11)] [(patch 109 11) (patch 282 11)] [(patch 282 11) (patch 264 17) (patch 264 47) (patch 273 67) (patch 292 74)] [(patch 292 74) (patch 465 74)] [(patch 465 74) (patch 476 82) (patch 476 92) (patch 471 100) (patch 462 101) (patch 448 116)]]]
[]
[[464.87790652607055 125.39646333368118 2 4 118 124] (train 716) [453 125 2 4 106 124] (outside 877) [518 138 2 4 171 137] [518 143 2 4 171 142] [[(patch 465 125) (patch 469 127) (patch 518 143)]]]
[]
[[95.33715459697949 39.97944634908334 0 1 94 39] (train 321) [92 41 0 1 91 40] (train 716) [453 125 2 4 106 124] [437 125 2 4 90 124] [[(patch 95 40) (patch 127 46) (patch 138 47) (patch 138 49) (patch 113 58)] [(patch 113 58) (patch 286 58)] [(patch 286 58) (patch 273 64) (patch 251 142) (patch 231 145)] [(patch 231 145) (patch 404 145)] [(patch 404 145) (patch 392 142) (patch 392 139) (patch 435 129) (patch 437 125)]]]
[]
[[79.29403353072983 42.47209198593209 0 1 78 41] (train 321) [92 41 0 1 91 40] (train 716) [453 125 2 4 106 124] [448 126 2 4 101 125] [[(patch 79 42) (patch 138 47) (patch 138 49) (patch 113 58)] [(patch 113 58) (patch 286 58)] [(patch 286 58) (patch 273 64) (patch 271 76) (patch 263 141) (patch 263 142) (patch 289 145)] [(patch 289 145) (patch 462 145)] [(patch 462 145) (patch 482 142) (patch 482 140) (patch 448 126)]]]
[]
[[97.662167113947 39.4041834686569 0 1 97 38] (train 321) [92 41 0 1 91 40] (train 434) [449 96 2 3 102 95] [461 97 2 3 114 96] [[(patch 98 39) (patch 108 43) (patch 138 47) (patch 138 49) (patch 113 58)] [(patch 113 58) (patch 286 58)] [(patch 286 58) (patch 273 64) (patch 273 67) (patch 292 74)] [(patch 292 74) (patch 465 74)] [(patch 465 74) (patch 476 82) (patch 476 84) (patch 461 97)]]]
[]
[[451.6616425731794 123.2851724751483 2 4 105 122] (train 716) [453 125 2 4 106 124] (outside 853) [500 73 2 3 153 72] [492 72 2 3 145 71] [[(patch 452 123) (patch 482 140) (patch 482 142) (patch 462 145)] [(patch 462 145) (patch 289 145)] [(patch 289 145) (patch 263 142) (patch 263 133) (patch 275 109) (patch 291 106)] [(patch 291 106) (patch 464 106)] [(patch 464 106) (patch 482 103) (patch 492 72)]]]
[]
[[88.53619316325741 30.44685988466971 0 0 88 29] (train 207) [92 31 0 0 91 30] (train 579) [453 115 2 3 106 114] [456 114 2 3 109 113] [[(patch 89 30) (patch 136 16) (patch 136 14) (patch 109 11)] [(patch 109 11) (patch 282 11)] [(patch 282 11) (patch 264 17) (patch 264 47) (patch 273 67) (patch 292 74)] [(patch 292 74) (patch 465 74)] [(patch 465 74) (patch 476 82) (patch 476 92) (patch 471 100) (patch 462 101) (patch 456 114)]]]
[]
[[462.02793273768816 112.81075785708202 2 3 115 112] (train 579) [453 115 2 3 106 114] (train 434) [449 96 2 3 102 95] [436 97 2 3 89 96] [[(patch 462 113) (patch 462 100) (patch 471 100) (patch 471 93) (patch 440 93) (patch 436 97)]]]
[]
[[95.42271363621026 39.308142286697226 0 1 94 38] (train 321) [92 41 0 1 91 40] (train 207) [92 31 0 0 91 30] [93 32 0 0 92 31] [[(patch 95 39) (patch 112 44) (patch 138 47) (patch 138 49) (patch 113 58)] [(patch 113 58) (patch 286 58)] [(patch 286 58) (patch 267 54) (patch 266 48) (patch 264 23) (patch 264 17) (patch 282 11)] [(patch 282 11) (patch 109 11)] [(patch 109 11) (patch 136 14) (patch 136 16) (patch 126 19) (patch 93 32)]]]
[]
[[102.26395759986244 40.38314567879689 0 1 101 39] (train 321) [92 41 0 1 91 40] (train 716) [453 125 2 4 106 124] [459 124 2 4 112 123] [[(patch 102 40) (patch 107 43) (patch 138 47) (patch 138 49) (patch 113 58)] [(patch 113 58) (patch 286 58)] [(patch 286 58) (patch 273 64) (patch 271 76) (patch 263 141) (patch 263 142) (patch 289 145)] [(patch 289 145) (patch 462 145)] [(patch 462 145) (patch 482 142) (patch 482 140) (patch 459 124)]]]
[]
[[462.0512066497358 126.27919628198755 2 4 115 125] (train 716) [453 125 2 4 106 124] (outside 877) [518 138 2 4 171 137] [518 137 2 4 171 136] [[(patch 462 126) (patch 518 137)]]]
[]
[[440.5993464397438 93.88829145638319 2 3 94 93] (train 434) [449 96 2 3 102 95] (outside 853) [500 73 2 3 153 72] [493 72 2 3 146 71] [[(patch 441 94) (patch 468 93) (patch 493 72)]]]
[]
[[89.82158979878469 40.854265535142616 0 1 89 40] (train 321) [92 41 0 1 91 40] (train 434) [449 96 2 3 102 95] [440 95 2 3 93 94] [[(patch 90 41) (patch 138 47) (patch 138 49) (patch 113 58)] [(patch 113 58) (patch 286 58)] [(patch 286 58) (patch 273 64) (patch 273 67) (patch 292 74)] [(patch 292 74) (patch 465 74)] [(patch 465 74) (patch 476 82) (patch 476 84) (patch 440 95)]]]
[]
[[458.3394188917335 124.15360738682094 2 4 111 123] (train 716) [453 125 2 4 106 124] (train 434) [449 96 2 3 102 95] [456 94 2 3 109 93] [[(patch 458 124) (patch 482 140) (patch 482 142) (patch 462 145)] [(patch 462 145) (patch 289 145)] [(patch 289 145) (patch 263 142) (patch 263 133) (patch 275 109) (patch 291 106)] [(patch 291 106) (patch 464 106)] [(patch 464 106) (patch 482 103) (patch 482 101) (patch 471 93) (patch 452 93) (patch 456 94)]]]
[]
[[444.08190935431145 95.44484489826203 2 3 97 94] (train 434) [449 96 2 3 102 95] (train 321) [92 41 0 1 91 40] [82 42 0 1 81 41] [[(patch 444 95) (patch 476 84) (patch 476 82) (patch 465 74)] [(patch 465 74) (patch 292 74)] [(patch 292 74) (patch 273 67) (patch 273 64) (patch 286 58)] [(patch 286 58) (patch 113 58)] [(patch 113 58) (patch 138 49) (patch 138 47) (patch 82 42)]]]
[]
[[85.90978653926867 41.89743056463573 0 1 85 41] (train 321) [92 41 0 1 91 40] (train 579) [453 115 2 3 106 114] [458 113 2 3 111 112] [[(patch 86 42) (patch 138 47) (patch 138 49) (patch 113 58)] [(patch 113 58) (patch 286 58)] [(patch 286 58) (patch 273 64) (patch 273 67) (patch 292 74)] [(patch 292 74) (patch 465 74)] [(patch 465 74) (patch 476 82) (patch 476 92) (patch 471 100) (patch 462 101) (patch 458 113)]]]
[]
[[433.34249955326845 93.73619500697473 2 3 86 93] (train 434) [449 96 2 3 102 95] (outside 877) [518 138 2 4 171 137] [518 141 2 4 171 140] [[(patch 433 94) (patch 466 93) (patch 471 93) (patch 482 101) (patch 482 103) (patch 464 106)] [(patch 464 106) (patch 291 106)] [(patch 291 106) (patch 275 109) (patch 263 140) (patch 263 142) (patch 289 145)] [(patch 289 145) (patch 462 145)] [(patch 462 145) (patch 518 141)]]]
[]
[[462.64244450811196 123.05227636666315 2 4 116 122] (train 716) [453 125 2 4 106 124] (train 321) [92 41 0 1 91 40] [81 44 0 1 80 43] [[(patch 463 123) (patch 482 140) (patch 482 142) (patch 462 145)] [(patch 462 145) (patch 289 145)] [(patch 289 145) (patch 263 142) (patch 265 78) (patch 273 64) (patch 286 58)] [(patch 286 58) (patch 113 58)] [(patch 113 58) (patch 138 49) (patch 138 47) (patch 81 44)]]]
[]
[[448.8177037062004 125.82642928133257 2 4 102 125] (train 716) [453 125 2 4 106 124] (outside 877) [518 138 2 4 171 137] [518 139 2 4 171 138] [[(patch 449 126) (patch 518 139)]]]
[]
[[462.42075261417796 95.61257111597668 2 3 115 95] (train 434) [449 96 2 3 102 95] (train 207) [92 31 0 0 91 30] [87 31 0 0 86 30] [[(patch 462 96) (patch 476 84) (patch 476 82) (patch 465 74)] [(patch 465 74) (patch 292 74)] [(patch 292 74) (patch 273 67) (patch 267 54) (patch 266 48) (patch 264 23) (patch 264 17) (patch 282 11)] [(patch 282 11) (patch 109 11)] [(patch 109 11) (patch 136 14) (patch 136 16) (patch 87 31)]]]
[]
[[451.60043033206705 112.7430622348303 2 3 105 112] (train 579) [453 115 2 3 106 114] (outside 877) [518 138 2 4 171 137] [518 137 2 4 171 136] [[(patch 452 113) (patch 475 111) (patch 482 111) (patch 482 109) (patch 464 106)] [(patch 464 106) (patch 291 106)] [(patch 291 106) (patch 275 109) (patch 263 140) (patch 263 142) (patch 289 145)] [(patch 289 145) (patch 462 145)] [(patch 462 145) (patch 518 137)]]]
[]
[[105.01163582278376 29.74838516750232 0 0 104 29] (train 207) [92 31 0 0 91 30] (outside 877) [518 138 2 4 171 137] [518 132 2 4 171 131] [[(patch 105 30) (patch 105 26) (patch 136 16) (patch 136 14) (patch 109 11)] [(patch 109 11) (patch 282 11)] [(patch 282 11) (patch 264 17) (patch 263 142) (patch 289 145)] [(patch 289 145) (patch 462 145)] [(patch 462 145) (patch 474 144) (patch 518 132)]]]
[]
[[504.1134954199057 73.34436400865296 2 3 157 72] (outside 853) [500 73 2 3 153 72] (train 434) [449 96 2 3 102 95] [439 95 2 3 92 94] [[(patch 504 73) (patch 476 84) (patch 439 95)]]]
[]
[[465.1626067449067 95.0096775467801 2 3 118 94] (train 434) [449 96 2 3 102 95] (train 579) [453 115 2 3 106 114] [457 114 2 3 110 113] [[(patch 465 95) (patch 466 93) (patch 471 93) (patch 471 100) (patch 462 101) (patch 457 114)]]]
[]
[[94.23435736761358 31.83044736635586 0 0 93 31] (train 207) [92 31 0 0 91 30] (train 321) [92 41 0 1 91 40] [85 41 0 1 84 40] [[(patch 94 32) (patch 117 22) (patch 136 16) (patch 136 14) (patch 109 11)] [(patch 109 11) (patch 282 11)] [(patch 282 11) (patch 264 17) (patch 264 37) (patch 267 54) (patch 286 58)] [(patch 286 58) (patch 113 58)] [(patch 113 58) (patch 138 49) (patch 138 47) (patch 85 41)]]]
[]
[[447.38406238162463 123.40487773720699 2 4 100 122] (train 716) [453 125 2 4 106 124] (outside 877) [518 138 2 4 171 137] [518 135 2 4 171 134] [[(patch 447 123) (patch 469 127) (patch 518 135)]]]
[]
[[103.08332991589862 40.37472102526637 0 1 102 39] (train 321) [92 41 0 1 91 40] (train 434) [449 96 2 3 102 95] [435 95 2 3 88 94] [[(patch 103 40) (patch 106 43) (patch 138 47) (patch 138 49) (patch 113 58)] [(patch 113 58) (patch 286 58)] [(patch 286 58) (patch 273 64) (patch 273 67) (patch 292 74)] [(patch 292 74) (patch 465 74)] [(patch 465 74) (patch 476 82) (patch 476 84) (patch 435 95)]]]
[]
[[506.4440455603338 74.10421110571096 2 3 159 73] (outside 853) [500 73 2 3 153 72] (train 321) [92 41 0 1 91 40] [78 43 0 1 77 42] [[(patch 506 74) (patch 465 74)] [(patch 465 74) (patch 292 74)] [(patch 292 74) (patch 273 67) (patch 273 64) (patch 286 58)] [(patch 286 58) (patch 113 58)] [(patch 113 58) (patch 138 49) (patch 138 47) (patch 78 43)]]]
[]
[[453.11216544309644 96.1344065204901 2 3 106 95] (train 434) [449 96 2 3 102 95] (train 321) [92 41 0 1 91 40] [87 40 0 1 86 39] [[(patch 453 96) (patch 476 84) (patch 476 82) (patch 465 74)] [(patch 465 74) (patch 292 74)] [(patch 292 74) (patch 273 67) (patch 273 64) (patch 286 58)] [(patch 286 58) (patch 113 58)] [(patch 113 58) (patch 138 49) (patch 138 47) (patch 87 40)]]]
[]
[[79.07789883513419 43.6365139847873 0 1 78 43] (train 321) [92 41 0 1 91 40] (train 579) [453 115 2 3 106 114] [461 116 2 3 114 115] [[(patch 79 44) (patch 138 47) (patch 138 49) (patch 113 58)] [(patch 113 58) (patch 286 58)] [(patch 286 58) (patch 273 64) (patch 273 67) (patch 292 74)] [(patch 292 74) (patch 465 74)] [(patch 465 74) (patch 476 82) (patch 476 92) (patch 471 100) (patch 462 101) (patch 461 116)]]]
[]
[[452.76606501888125 112.63850941673873 2 3 106 112] (train 579) [453 115 2 3 106 114] (train 434) [449 96 2 3 102 95] [452 95 2 3 105 94] [[(patch 453 113) (patch 463 100) (patch 471 100) (patch 471 93) (patch 454 93) (patch 452 95)]]]
[]
[[461.56993862813164 114.40047553901624 2 3 115 113] (train 579) [453 115 2 3 106 114] (train 434) [449 96 2 3 102 95] [454 96 2 3 107 95] [[(patch 462 114) (patch 462 100) (patch 471 100) (patch 471 93) (patch 456 93) (patch 454 96)]]]
[]
[[436.48729249667804 125.69065492232804 2 4 89 125] (train 716) [453 125 2 4 106 124] (train 579) [453 115 2 3 106 114] [448 116 2 3 101 115] [[(patch 436 126) (patch 436 129) (patch 392 139) (patch 392 142) (patch 404 145)] [(patch 404 145) (patch 231 145)] [(patch 231 145) (patch 256 142) (patch 275 109) (patch 291 106)] [(patch 291 106) (patch 464 106)] [(patch 464 106) (patch 482 109) (patch 482 111) (patch 455 113) (patch 448 116)]]]
[]
[STAIR 0 [113 58 0 1 112 57] [286 58 1 2 112 57]]
[STAIR 0 [51 64 0 1 50 63] [224 64 1 2 50 63]]
[STAIR 0 [231 145 1 2 57 144] [404 145 2 4 57 144]]
[STAIR 0 [232 106 1 2 58 105] [405 106 2 3 58 105]]
[STAIR 0 [292 74 1 2 118 73] [465 74 2 3 118 73]]
[STAIR 0 [289 145 1 2 115 144] [462 145 2 4 115 144]]
[STAIR 0 [291 106 1 2 117 105] [464 106 2 3 117 105]]
[STAIR 0 [109 11 0 0 108 10] [282 11 1 2 108 10]]
[STAIR 0 [48 18 0 0 47 17] [221 18 1 2 47 17]]
[(train 434) POI [449 96 2 3 102 95]]
[(train 716) POI [453 125 2 4 106 124]]
[(train 579) POI [453 115 2 3 106 114]]
[(train 321) POI [92 41 0 1 91 40]]
[(train 207) POI [92 31 0 0 91 30]]
