[3 153 172 6 100 5 27]
[]
[]
[[462.59913427039925 114.55255740658299 2 3 116 114] (train 694) [453 115 2 3 106 114] (outside 992) [518 138 2 4 171 137] [518 143 2 4 171 142] [[(patch 463 115) (patch 472 111) (patch 475 111) (patch 482 111) (patch 482 109) (patch 464 106)] [(patch 464 106) (patch 291 106)] [(patch 291 106) (patch 275 109) (patch 275 120) (patch 276 129) (patch 277 134) (patch 313 141) (patch 323 148) (patch 323 151)] [(patch 323 151) (patch 496 151)] [(patch 496 151) (patch 496 148) (patch 518 143)]]]
[]
[[84.5625812582727 42.82174668671625 0 1 84 42] (train 436) [92 41 0 1 91 40] (train 322) [92 31 0 0 91 30] [92 33 0 0 91 32] [[(patch 85 43) (patch 82 53) (patch 77 72)] [(patch 77 72) (patch 250 72)] [(patch 250 72) (patch 251 73) (patch 251 74) (patch 254 74) (patch 256 3)] [(patch 256 3) (patch 83 3)] [(patch 83 3) (patch 83 22) (patch 92 33)]]]
[]
[[466.2480519499239 115.26956937481027 2 3 119 114] (train 694) [453 115 2 3 106 114] (train 549) [449 96 2 3 102 95] [457 95 2 3 110 94] [[(patch 466 115) (patch 462 111) (patch 462 100) (patch 471 100) (patch 471 93) (patch 459 93) (patch 457 95)]]]
[]
[[102.7811643089316 39.219759571182465 0 1 102 38] (train 436) [92 41 0 1 91 40] (outside 968) [500 73 2 3 153 72] [509 74 2 3 162 73] [[(patch 103 39) (patch 82 53) (patch 77 72)] [(patch 77 72) (patch 250 72)] [(patch 250 72) (patch 251 73) (patch 251 74) (patch 292 74)] [(patch 292 74) (patch 465 74)] [(patch 465 74) (patch 509 74)]]]
[]
[[92.65155015191858 43.01899714009501 0 1 92 42] (train 436) [92 41 0 1 91 40] (train 322) [92 31 0 0 91 30] [88 33 0 0 87 32] [[(patch 93 43) (patch 82 53) (patch 77 72)] [(patch 77 72) (patch 250 72)] [(patch 250 72) (patch 251 73) (patch 251 74) (patch 254 74) (patch 256 3)] [(patch 256 3) (patch 83 3)] [(patch 83 3) (patch 83 22) (patch 88 33)]]]
[]
[[100.27061573810073 28.550211747594627 0 0 99 28] (train 322) [92 31 0 0 91 30] (outside 992) [518 138 2 4 171 137] [518 145 2 4 171 144] [[(patch 100 29) (patch 86 20) (patch 83 6) (patch 83 3)] [(patch 83 3) (patch 256 3)] [(patch 256 3) (patch 256 84) (patch 277 134) (patch 313 141) (patch 323 148) (patch 323 151)] [(patch 323 151) (patch 496 151)] [(patch 496 151) (patch 496 148) (patch 518 145)]]]
[]
[[91.23504049450213 40.07016112503237 0 1 90 39] (train 436) [92 41 0 1 91 40] (train 549) [449 96 2 3 102 95] [466 97 2 3 119 96] [[(patch 91 40) (patch 82 53) (patch 77 72)] [(patch 77 72) (patch 423 72)] [(patch 423 72) (patch 424 73) (patch 424 74) (patch 427 81) (patch 466 97)]]]
[]
[[439.1651218048742 115.77318078092152 2 3 92 115] (train 694) [453 115 2 3 106 114] (outside 992) [518 138 2 4 171 137] [518 132 2 4 171 131] [[(patch 439 116) (patch 475 111) (patch 482 111) (patch 482 109) (patch 464 106)] [(patch 464 106) (patch 291 106)] [(patch 291 106) (patch 275 109) (patch 275 120) (patch 276 129) (patch 277 134) (patch 311 141) (patch 318 148) (patch 318 151)] [(patch 318 151) (patch 491 151)] [(patch 491 151) (patch 491 148) (patch 518 132)]]]
[]
[[78.18351641936579 31.680300070978088 0 0 77 31] (train 322) [92 31 0 0 91 30] (train 436) [92 41 0 1 91 40] [79 42 0 1 78 41] [[(patch 78 32) (patch 86 20) (patch 83 6) (patch 83 3)] [(patch 83 3) (patch 256 3)] [(patch 256 3) (patch 254 74) (patch 251 74) (patch 251 73) (patch 250 72)] [(patch 250 72) (patch 77 72)] [(patch 77 72) (patch 83 50) (patch 79 42)]]]
[]
[[439.4460094927016 114.53095977305546 2 3 92 114] (train 694) [453 115 2 3 106 114] (train 549) [449 96 2 3 102 95] [463 97 2 3 116 96] [[(patch 439 115) (patch 464 100) (patch 471 100) (patch 471 93) (patch 466 93) (patch 463 97)]]]
[]
[[460.82487372297464 126.13035066652742 2 4 114 125] (train 831) [453 125 2 4 106 124] (outside 992) [518 138 2 4 171 137] [518 140 2 4 171 139] [[(patch 461 126) (patch 518 140)]]]
[]
[[92.69138333336059 40.40903191335383 0 1 92 39] (train 436) [92 41 0 1 91 40] (train 549) [449 96 2 3 102 95] [434 97 2 3 87 96] [[(patch 93 40) (patch 82 53) (patch 77 72)] [(patch 77 72) (patch 423 72)] [(patch 423 72) (patch 424 73) (patch 424 74) (patch 427 81) (patch 434 97)]]]
[]
[[87.16061056947665 41.22548346563139 0 1 86 40] (train 436) [92 41 0 1 91 40] (train 549) [449 96 2 3 102 95] [450 97 2 3 103 96] [[(patch 87 41) (patch 82 53) (patch 77 72)] [(patch 77 72) (patch 423 72)] [(patch 423 72) (patch 424 73) (patch 424 74) (patch 427 81) (patch 450 97)]]]
[]
[[453.7521308782092 96.81704694173693 2 3 107 96] (train 549) [449 96 2 3 102 95] (outside 968) [500 73 2 3 153 72] [506 74 2 3 159 73] [[(patch 454 97) (patch 506 74)]]]
[]
[[95.53993862733418 41.441984855223254 0 1 95 40] (train 436) [92 41 0 1 91 40] (outside 968) [500 73 2 3 153 72] [498 73 2 3 151 72] [[(patch 96 41) (patch 82 53) (patch 77 72)] [(patch 77 72) (patch 250 72)] [(patch 250 72) (patch 251 73) (patch 251 74) (patch 292 74)] [(patch 292 74) (patch 465 74)] [(patch 465 74) (patch 498 73)]]]
[]
[[447.09164947897006 114.38885182187224 2 3 100 113] (train 694) [453 115 2 3 106 114] (train 436) [92 41 0 1 91 40] [93 42 0 1 92 41] [[(patch 447 114) (patch 462 100) (patch 471 100) (patch 471 93) (patch 427 81) (patch 424 74) (patch 424 73) (patch 423 72)] [(patch 423 72) (patch 77 72)] [(patch 77 72) (patch 83 50) (patch 93 42)]]]
[]
[[88.12021161430782 43.01568344187214 0 1 87 42] (train 436) [92 41 0 1 91 40] (outside 968) [500 73 2 3 153 72] [508 74 2 3 161 73] [[(patch 88 43) (patch 82 53) (patch 77 72)] [(patch 77 72) (patch 250 72)] [(patch 250 72) (patch 251 73) (patch 251 74) (patch 292 74)] [(patch 292 74) (patch 465 74)] [(patch 465 74) (patch 508 74)]]]
[]
[[448.5873561309362 96.67596706810181 2 3 102 96] (train 549) [449 96 2 3 102 95] (train 436) [92 41 0 1 91 40] [102 42 0 1 101 41] [[(patch 449 97) (patch 427 81) (patch 424 74) (patch 424 73) (patch 423 72)] [(patch 423 72) (patch 77 72)] [(patch 77 72) (patch 83 50) (patch 102 42)]]]
[]
[[468.62106786164753 126.24108108764997 2 4 122 125] (train 831) [453 125 2 4 106 124] (outside 992) [518 138 2 4 171 137] [518 145 2 4 171 144] [[(patch 469 126) (patch 469 127) (patch 518 145)]]]
[]
[[456.18032522124605 115.52627221860139 2 3 109 115] (train 694) [453 115 2 3 106 114] (train 436) [92 41 0 1 91 40] [79 44 0 1 78 43] [[(patch 456 116) (patch 462 100) (patch 471 100) (patch 471 93) (patch 427 81) (patch 424 74) (patch 424 73) (patch 423 72)] [(patch 423 72) (patch 77 72)] [(patch 77 72) (patch 83 50) (patch 79 44)]]]
[]
[[432.36936760065663 97.00511361649272 2 3 85 96] (train 549) [449 96 2 3 102 95] (train 694) [453 115 2 3 106 114] [438 113 2 3 91 112] [[(patch 432 97) (patch 467 93) (patch 471 93) (patch 471 100) (patch 448 102) (patch 438 113)]]]
[]
[[436.30646926801506 115.27299542097848 2 3 89 114] (train 694) [453 115 2 3 106 114] (train 831) [453 125 2 4 106 124] [449 124 2 4 102 123] [[(patch 436 115) (patch 475 111) (patch 482 111) (patch 482 109) (patch 464 106)] [(patch 464 106) (patch 291 106)] [(patch 291 106) (patch 275 109) (patch 263 140) (patch 263 142) (patch 289 145)] [(patch 289 145) (patch 462 145)] [(patch 462 145) (patch 482 142) (patch 482 140) (patch 449 124)]]]
[]
[[92.13210932847048 40.823321378935745 0 1 91 40] (train 436) [92 41 0 1 91 40] (train 694) [453 115 2 3 106 114] [451 114 2 3 104 113] [[(patch 92 41) (patch 82 53) (patch 77 72)] [(patch 77 72) (patch 423 72)] [(patch 423 72) (patch 424 73) (patch 427 89) (patch 471 93) (patch 471 100) (patch 462 101) (patch 451 114)]]]
[]
[[98.7371539096694 31.13214095565588 0 0 98 30] (train 322) [92 31 0 0 91 30] (train 549) [449 96 2 3 102 95] [462 95 2 3 115 94] [[(patch 99 31) (patch 86 20) (patch 83 6) (patch 83 3)] [(patch 83 3) (patch 256 3)] [(patch 256 3) (patch 256 38) (patch 273 67) (patch 292 74)] [(patch 292 74) (patch 465 74)] [(patch 465 74) (patch 476 82) (patch 476 84) (patch 462 95)]]]
[]
[[441.66713640947194 124.50223778441939 2 4 95 124] (train 831) [453 125 2 4 106 124] (train 549) [449 96 2 3 102 95] [439 96 2 3 92 95] [[(patch 442 125) (patch 394 139) (patch 392 139) (patch 392 142) (patch 404 145)] [(patch 404 145) (patch 231 145)] [(patch 231 145) (patch 251 142) (patch 251 72) (patch 250 72)] [(patch 250 72) (patch 423 72)] [(patch 423 72) (patch 424 73) (patch 424 74) (patch 427 81) (patch 439 96)]]]
[]
[[462.83176463012654 124.19771343863908 2 4 116 123] (train 831) [453 125 2 4 106 124] (outside 992) [518 138 2 4 171 137] [518 144 2 4 171 143] [[(patch 463 124) (patch 469 127) (patch 518 144)]]]
[]
[[459.4716825240888 116.04219506199249 2 3 112 115] (train 694) [453 115 2 3 106 114] (train 436) [92 41 0 1 91 40] [82 44 0 1 81 43] [[(patch 459 116) (patch 462 100) (patch 471 100) (patch 471 93) (patch 427 81) (patch 424 74) (patch 424 73) (patch 423 72)] [(patch 423 72) (patch 77 72)] [(patch 77 72) (patch 83 50) (patch 82 44)]]]
[]
[[517.9734845832236 143.61269051184019 2 4 171 143] (outside 992) [518 138 2 4 171 137] (train 322) [92 31 0 0 91 30] [101 29 0 0 100 28] [[(patch 518 144) (patch 462 145)] [(patch 462 145) (patch 289 145)] [(patch 289 145) (patch 263 142) (patch 256 7) (patch 256 3)] [(patch 256 3) (patch 83 3)] [(patch 83 3) (patch 83 22) (patch 101 29)]]]
[]
[[104.89633697383502 42.409763637458724 0 1 104 41] (train 436) [92 41 0 1 91 40] (outside 968) [500 73 2 3 153 72] [505 73 2 3 158 72] [[(patch 105 42) (patch 82 53) (patch 77 72)] [(patch 77 72) (patch 250 72)] [(patch 250 72) (patch 251 73) (patch 251 74) (patch 292 74)] [(patch 292 74) (patch 465 74)] [(patch 465 74) (patch 505 73)]]]
[]
[[94.30563239974467 30.6456905651823 0 0 93 30] (train 322) [92 31 0 0 91 30] (outside 968) [500 73 2 3 153 72] [492 72 2 3 145 71] [[(patch 94 31) (patch 86 20) (patch 83 6) (patch 83 3)] [(patch 83 3) (patch 256 3)] [(patch 256 3) (patch 256 38) (patch 273 67) (patch 292 74)] [(patch 292 74) (patch 465 74)] [(patch 465 74) (patch 490 73) (patch 492 72)]]]
[]
[[77.7575974449186 30.675288587793546 0 0 77 30] (train 322) [92 31 0 0 91 30] (train 549) [449 96 2 3 102 95] [456 97 2 3 109 96] [[(patch 78 31) (patch 86 20) (patch 83 6) (patch 83 3)] [(patch 83 3) (patch 256 3)] [(patch 256 3) (patch 254 74) (patch 251 74) (patch 251 73) (patch 250 72)] [(patch 250 72) (patch 423 72)] [(patch 423 72) (patch 424 73) (patch 424 74) (patch 427 81) (patch 456 97)]]]
[]
[[91.81024216603886 31.38675832252854 0 0 91 30] (train 322) [92 31 0 0 91 30] (train 694) [453 115 2 3 106 114] [451 116 2 3 104 115] [[(patch 92 31) (patch 86 20) (patch 83 6) (patch 83 3)] [(patch 83 3) (patch 256 3)] [(patch 256 3) (patch 256 38) (patch 273 67) (patch 292 74)] [(patch 292 74) (patch 465 74)] [(patch 465 74) (patch 476 82) (patch 476 92) (patch 471 100) (patch 462 101) (patch 451 116)]]]
[]
[[497.4586869077836 73.193826291247 2 3 150 72] (outside 968) [500 73 2 3 153 72] (train 322) [92 31 0 0 91 30] [103 31 0 0 102 30] [[(patch 497 73) (patch 465 74)] [(patch 465 74) (patch 292 74)] [(patch 292 74) (patch 273 67) (patch 267 54) (patch 256 8) (patch 256 3)] [(patch 256 3) (patch 83 3)] [(patch 83 3) (patch 83 22) (patch 103 31)]]]
[]
[[82.63405362960972 31.644562772648918 0 0 82 31] (train 322) [92 31 0 0 91 30] (train 831) [453 125 2 4 106 124] [462 125 2 4 115 124] [[(patch 83 32) (patch 86 20) (patch 83 6) (patch 83 3)] [(patch 83 3) (patch 256 3)] [(patch 256 3) (patch 257 114) (patch 263 142) (patch 289 145)] [(patch 289 145) (patch 462 145)] [(patch 462 145) (patch 482 142) (patch 482 140) (patch 462 125)]]]
[]
[[465.61541537404673 95.88871197262475 2 3 119 95] (train 549) [449 96 2 3 102 95] (outside 968) [500 73 2 3 153 72] [504 73 2 3 157 72] [[(patch 466 96) (patch 466 93) (patch 504 73)]]]
[]
[[447.0148467438331 96.57331511724878 2 3 100 96] (train 549) [449 96 2 3 102 95] (train 831) [453 125 2 4 106 124] [440 126 2 4 93 125] [[(patch 447 97) (patch 427 81) (patch 424 74) (patch 424 73) (patch 423 72)] [(patch 423 72) (patch 250 72)] [(patch 250 72) (patch 251 73) (patch 251 142) (patch 231 145)] [(patch 231 145) (patch 404 145)] [(patch 404 145) (patch 392 142) (patch 392 139) (patch 440 126)]]]
[]
[[83.31868358871664 41.9908232348776 0 1 82 41] (train 436) [92 41 0 1 91 40] (train 831) [453 125 2 4 106 124] [441 125 2 4 94 124] [[(patch 83 42) (patch 82 53) (patch 77 72)] [(patch 77 72) (patch 250 72)] [(patch 250 72) (patch 251 73) (patch 251 142) (patch 231 145)] [(patch 231 145) (patch 404 145)] [(patch 404 145) (patch 392 142) (patch 392 139) (patch 416 134) (patch 441 125)]]]
[]
[[464.84552139906225 124.01249650981373 2 4 118 123] (train 831) [453 125 2 4 106 124] (train 549) [449 96 2 3 102 95] [450 95 2 3 103 94] [[(patch 465 124) (patch 482 140) (patch 482 142) (patch 462 145)] [(patch 462 145) (patch 289 145)] [(patch 289 145) (patch 263 142) (patch 263 133) (patch 275 109) (patch 291 106)] [(patch 291 106) (patch 464 106)] [(patch 464 106) (patch 482 103) (patch 482 101) (patch 471 93) (patch 451 93) (patch 450 95)]]]
[]
[[499.9919406214293 73.04781869554834 2 3 153 72] (outside 968) [500 73 2 3 153 72] (train 694) [453 115 2 3 106 114] [445 116 2 3 98 115] [[(patch 500 73) (patch 471 100) (patch 459 101) (patch 445 116)]]]
[]
[[452.57998093901205 112.62403853557737 2 3 106 112] (train 694) [453 115 2 3 106 114] (outside 992) [518 138 2 4 171 137] [518 132 2 4 171 131] [[(patch 453 113) (patch 475 111) (patch 482 111) (patch 482 109) (patch 464 106)] [(patch 464 106) (patch 291 106)] [(patch 291 106) (patch 275 109) (patch 275 120) (patch 276 129) (patch 277 134) (patch 311 141) (patch 318 148) (patch 318 151)] [(patch 318 151) (patch 491 151)] [(patch 491 151) (patch 491 148) (patch 518 132)]]]
[]
[[466.3726628400669 114.5173680911182 2 3 119 114] (train 694) [453 115 2 3 106 114] (train 436) [92 41 0 1 91 40] [83 43 0 1 82 42] [[(patch 466 115) (patch 469 112) (patch 475 111) (patch 482 111) (patch 482 109) (patch 464 106)] [(patch 464 106) (patch 291 106)] [(patch 291 106) (patch 273 103) (patch 251 74) (patch 251 73) (patch 250 72)] [(patch 250 72) (patch 77 72)] [(patch 77 72) (patch 83 50) (patch 83 43)]]]
[]
[[444.01629142756656 126.1690497832487 2 4 97 125] (train 831) [453 125 2 4 106 124] (train 694) [453 115 2 3 106 114] [461 116 2 3 114 115] [[(patch 444 126) (patch 482 140) (patch 482 142) (patch 462 145)] [(patch 462 145) (patch 289 145)] [(patch 289 145) (patch 263 142) (patch 263 133) (patch 275 109) (patch 291 106)] [(patch 291 106) (patch 464 106)] [(patch 464 106) (patch 482 109) (patch 482 111) (patch 455 113) (patch 461 116)]]]
[]
[[443.1009322543066 125.68710530032462 2 4 96 125] (train 831) [453 125 2 4 106 124] (train 322) [92 31 0 0 91 30] [105 31 0 0 104 30] [[(patch 443 126) (patch 392 139) (patch 392 142) (patch 404 145)] [(patch 404 145) (patch 231 145)] [(patch 231 145) (patch 251 142) (patch 254 73) (patch 256 3)] [(patch 256 3) (patch 83 3)] [(patch 83 3) (patch 83 22) (patch 105 31)]]]
[]
[[460.24824342217465 123.23569582683103 2 4 113 122] (train 831) [453 125 2 4 106 124] (train 322) [92 31 0 0 91 30] [78 31 0 0 77 30] [[(patch 460 123) (patch 482 140) (patch 482 142) (patch 462 145)] [(patch 462 145) (patch 289 145)] [(patch 289 145) (patch 263 142) (patch 256 7) (patch 256 3)] [(patch 256 3) (patch 83 3)] [(patch 83 3) (patch 83 22) (patch 78 31)]]]
[]
[[449.1550920346121 113.16192016815303 2 3 102 112] (train 694) [453 115 2 3 106 114] (train 549) [449 96 2 3 102 95] [438 96 2 3 91 95] [[(patch 449 113) (patch 463 100) (patch 471 100) (patch 471 93) (patch 440 93) (patch 438 96)]]]
[]
[[446.1293897891807 96.90321533719555 2 3 99 96] (train 549) [449 96 2 3 102 95] (train 322) [92 31 0 0 91 30] [88 32 0 0 87 31] [[(patch 446 97) (patch 427 81) (patch 424 74) (patch 424 73) (patch 423 72)] [(patch 423 72) (patch 250 72)] [(patch 250 72) (patch 251 73) (patch 251 74) (patch 254 74) (patch 256 3)] [(patch 256 3) (patch 83 3)] [(patch 83 3) (patch 83 22) (patch 88 32)]]]
[]
[[461.63460593582647 126.35959363733463 2 4 115 125] (train 831) [453 125 2 4 106 124] (train 322) [92 31 0 0 91 30] [78 32 0 0 77 31] [[(patch 462 126) (patch 482 140) (patch 482 142) (patch 462 145)] [(patch 462 145) (patch 289 145)] [(patch 289 145) (patch 263 142) (patch 256 7) (patch 256 3)] [(patch 256 3) (patch 83 3)] [(patch 83 3) (patch 83 22) (patch 78 32)]]]
[]
[[437.3621022629625 94.49328259696134 2 3 90 93] (train 549) [449 96 2 3 102 95] (train 694) [453 115 2 3 106 114] [453 113 2 3 106 112] [[(patch 437 94) (patch 468 93) (patch 471 93) (patch 471 100) (patch 462 101) (patch 453 113)]]]
[]
[[454.7520622669963 124.45866899971902 2 4 108 123] (train 831) [453 125 2 4 106 124] (train 436) [92 41 0 1 91 40] [97 42 0 1 96 41] [[(patch 455 124) (patch 482 140) (patch 482 142) (patch 462 145)] [(patch 462 145) (patch 289 145)] [(patch 289 145) (patch 263 142) (patch 251 74) (patch 251 72) (patch 250 72)] [(patch 250 72) (patch 77 72)] [(patch 77 72) (patch 83 50) (patch 97 42)]]]
[]
[[102.12586343625277 40.18263363975325 0 1 101 39] (train 436) [92 41 0 1 91 40] (train 549) [449 96 2 3 102 95] [432 96 2 3 85 95] [[(patch 102 40) (patch 82 53) (patch 77 72)] [(patch 77 72) (patch 423 72)] [(patch 423 72) (patch 424 73) (patch 424 74) (patch 427 81) (patch 432 96)]]]
[]
[[87.32906749123154 40.287752021961296 0 1 86 39] (train 436) [92 41 0 1 91 40] (train 694) [453 115 2 3 106 114] [459 114 2 3 112 113] [[(patch 87 40) (patch 86 49) (patch 82 53) (patch 77 72)] [(patch 77 72) (patch 423 72)] [(patch 423 72) (patch 424 73) (patch 427 89) (patch 471 93) (patch 471 100) (patch 462 101) (patch 459 114)]]]
[]
[[517.5938309281227 134.01664794642622 2 4 171 133] (outside 992) [518 138 2 4 171 137] (train 549) [449 96 2 3 102 95] [437 97 2 3 90 96] [[(patch 518 134) (patch 472 144) (patch 462 145)] [(patch 462 145) (patch 289 145)] [(patch 289 145) (patch 263 142) (patch 251 74) (patch 251 72) (patch 250 72)] [(patch 250 72) (patch 423 72)] [(patch 423 72) (patch 424 73) (patch 424 74) (patch 427 81) (patch 437 97)]]]
[]
[[453.19633656398366 125.36849169809328 2 4 106 124] (train 831) [453 125 2 4 106 124] (outside 968) [500 73 2 3 153 72] [491 72 2 3 144 71] [[(patch 453 125) (patch 482 140) (patch 482 142) (patch 462 145)] [(patch 462 145) (patch 289 145)] [(patch 289 145) (patch 263 142) (patch 263 133) (patch 275 109) (patch 291 106)] [(patch 291 106) (patch 464 106)] [(patch 464 106) (patch 482 103) (patch 491 72)]]]
[]
[[509.73125471128475 74.45833511855486 2 3 163 73] (outside 968) [500 73 2 3 153 72] (train 549) [449 96 2 3 102 95] [460 94 2 3 113 93] [[(patch 510 74) (patch 460 94)]]]
[]
[[98.56803003665203 39.252578172949995 0 1 98 38] (train 436) [92 41 0 1 91 40] (outside 968) [500 73 2 3 153 72] [502 73 2 3 155 72] [[(patch 99 39) (patch 82 53) (patch 77 72)] [(patch 77 72) (patch 250 72)] [(patch 250 72) (patch 251 73) (patch 251 74) (patch 292 74)] [(patch 292 74) (patch 465 74)] [(patch 465 74) (patch 502 73)]]]
[]
[[454.3206562473963 113.09642502751373 2 3 107 112] (train 694) [453 115 2 3 106 114] (train 549) [449 96 2 3 102 95] [434 97 2 3 87 96] [[(patch 454 113) (patch 463 100) (patch 471 100) (patch 471 93) (patch 438 93) (patch 434 97)]]]
[]
[[102.67519046438977 39.200968337068296 0 1 102 38] (train 436) [92 41 0 1 91 40] (train 549) [449 96 2 3 102 95] [442 96 2 3 95 95] [[(patch 103 39) (patch 82 53) (patch 77 72)] [(patch 77 72) (patch 423 72)] [(patch 423 72) (patch 424 73) (patch 424 74) (patch 427 81) (patch 442 96)]]]
[]
[[435.83755097710474 93.96467222056197 2 3 89 93] (train 549) [449 96 2 3 102 95] (outside 968) [500 73 2 3 153 72] [493 72 2 3 146 71] [[(patch 436 94) (patch 468 93) (patch 493 72)]]]
[]
[[436.2667596389921 124.57295612741443 2 4 89 124] (train 831) [453 125 2 4 106 124] (train 549) [449 96 2 3 102 95] [441 94 2 3 94 93] [[(patch 436 125) (patch 436 129) (patch 392 139) (patch 392 142) (patch 404 145)] [(patch 404 145) (patch 231 145)] [(patch 231 145) (patch 251 142) (patch 251 72) (patch 250 72)] [(patch 250 72) (patch 423 72)] [(patch 423 72) (patch 424 73) (patch 424 74) (patch 427 81) (patch 441 94)]]]
[]
[[78.15391482083457 44.167641099004285 0 1 77 43] (train 436) [92 41 0 1 91 40] (train 322) [92 31 0 0 91 30] [105 31 0 0 104 30] [[(patch 78 44) (patch 82 53) (patch 77 72)] [(patch 77 72) (patch 250 72)] [(patch 250 72) (patch 251 73) (patch 251 74) (patch 254 74) (patch 256 3)] [(patch 256 3) (patch 83 3)] [(patch 83 3) (patch 83 22) (patch 105 31)]]]
[]
[[517.9769172596666 139.20861608372718 2 4 171 138] (outside 992) [518 138 2 4 171 137] (train 322) [92 31 0 0 91 30] [80 32 0 0 79 31] [[(patch 518 139) (patch 462 145)] [(patch 462 145) (patch 289 145)] [(patch 289 145) (patch 263 142) (patch 256 7) (patch 256 3)] [(patch 256 3) (patch 83 3)] [(patch 83 3) (patch 83 22) (patch 80 32)]]]
[]
[[451.31478718052864 114.09252630837179 2 3 104 113] (train 694) [453 115 2 3 106 114] (outside 968) [500 73 2 3 153 72] [492 72 2 3 145 71] [[(patch 451 114) (patch 462 101) (patch 471 100) (patch 492 72)]]]
[]
[[465.4212934689552 95.84673552437785 2 3 118 95] (train 549) [449 96 2 3 102 95] (train 694) [453 115 2 3 106 114] [456 115 2 3 109 114] [[(patch 465 96) (patch 466 93) (patch 471 93) (patch 471 100) (patch 462 101) (patch 456 115)]]]
[]
[[445.73995380876886 95.08521289039851 2 3 99 94] (train 549) [449 96 2 3 102 95] (train 831) [453 125 2 4 106 124] [468 123 2 4 121 122] [[(patch 446 95) (patch 427 81) (patch 424 74) (patch 424 73) (patch 423 72)] [(patch 423 72) (patch 250 72)] [(patch 250 72) (patch 251 73) (patch 263 142) (patch 289 145)] [(patch 289 145) (patch 462 145)] [(patch 462 145) (patch 482 142) (patch 482 140) (patch 471 134) (patch 468 123)]]]
[]
[[449.9031612245457 113.038861936307 2 3 103 112] (train 694) [453 115 2 3 106 114] (outside 992) [518 138 2 4 171 137] [518 132 2 4 171 131] [[(patch 450 113) (patch 475 111) (patch 482 111) (patch 482 109) (patch 464 106)] [(patch 464 106) (patch 291 106)] [(patch 291 106) (patch 275 109) (patch 275 120) (patch 276 129) (patch 277 134) (patch 311 141) (patch 318 148) (patch 318 151)] [(patch 318 151) (patch 491 151)] [(patch 491 151) (patch 491 148) (patch 518 132)]]]
[]
[[447.1804513190113 114.2613170779321 2 3 100 113] (train 694) [453 115 2 3 106 114] (outside 968) [500 73 2 3 153 72] [508 74 2 3 161 73] [[(patch 447 114) (patch 462 101) (patch 483 99) (patch 508 74)]]]
[]
[[93.31354874089634 40.08692103134083 0 1 92 39] (train 436) [92 41 0 1 91 40] (train 694) [453 115 2 3 106 114] [438 116 2 3 91 115] [[(patch 93 40) (patch 82 53) (patch 77 72)] [(patch 77 72) (patch 423 72)] [(patch 423 72) (patch 424 73) (patch 427 89) (patch 471 93) (patch 471 100) (patch 462 101) (patch 438 116)]]]
[]
[[456.6616334614823 113.3549565392791 2 3 110 112] (train 694) [453 115 2 3 106 114] (train 831) [453 125 2 4 106 124] [451 126 2 4 104 125] [[(patch 457 113) (patch 475 111) (patch 482 111) (patch 482 109) (patch 464 106)] [(patch 464 106) (patch 291 106)] [(patch 291 106) (patch 275 109) (patch 263 140) (patch 263 142) (patch 289 145)] [(patch 289 145) (patch 462 145)] [(patch 462 145) (patch 482 142) (patch 482 140) (patch 451 126)]]]
[]
[[100.85733251820818 31.92675765362136 0 0 100 31] (train 322) [92 31 0 0 91 30] (outside 992) [518 138 2 4 171 137] [518 136 2 4 171 135] [[(patch 101 32) (patch 86 20) (patch 83 6) (patch 83 3)] [(patch 83 3) (patch 256 3)] [(patch 256 3) (patch 256 84) (patch 277 134) (patch 313 141) (patch 323 148) (patch 323 151)] [(patch 323 151) (patch 496 151)] [(patch 496 151) (patch 496 148) (patch 518 136)]]]
[]
[[84.62274901436217 33.16185143555476 0 0 84 32] (train 322) [92 31 0 0 91 30] (train 694) [453 115 2 3 106 114] [446 113 2 3 99 112] [[(patch 85 33) (patch 86 20) (patch 83 6) (patch 83 3)] [(patch 83 3) (patch 256 3)] [(patch 256 3) (patch 256 38) (patch 273 67) (patch 292 74)] [(patch 292 74) (patch 465 74)] [(patch 465 74) (patch 476 82) (patch 476 92) (patch 471 100) (patch 462 101) (patch 446 113)]]]
[]
[[437.6901127591624 125.04266140566429 2 4 91 124] (train 831) [453 125 2 4 106 124] (train 322) [92 31 0 0 91 30] [82 33 0 0 81 32] [[(patch 438 125) (patch 432 130) (patch 392 139) (patch 392 142) (patch 404 145)] [(patch 404 145) (patch 231 145)] [(patch 231 145) (patch 251 142) (patch 254 73) (patch 256 3)] [(patch 256 3) (patch 83 3)] [(patch 83 3) (patch 83 22) (patch 82 33)]]]
[]
[[462.1430975230755 94.72844542303008 2 3 115 94] (train 549) [449 96 2 3 102 95] (train 322) [92 31 0 0 91 30] [87 32 0 0 86 31] [[(patch 462 95) (patch 476 84) (patch 476 82) (patch 465 74)] [(patch 465 74) (patch 292 74)] [(patch 292 74) (patch 273 67) (patch 267 54) (patch 256 8) (patch 256 3)] [(patch 256 3) (patch 83 3)] [(patch 83 3) (patch 83 22) (patch 87 32)]]]
[]
[[448.8114855386619 96.60147548961216 2 3 102 96] (train 549) [449 96 2 3 102 95] (outside 968) [500 73 2 3 153 72] [498 73 2 3 151 72] [[(patch 449 97) (patch 498 73)]]]
[]
[[457.83754089745764 114.74417797800902 2 3 111 114] (train 694) [453 115 2 3 106 114] (train 322) [92 31 0 0 91 30] [104 31 0 0 103 30] [[(patch 458 115) (patch 462 100) (patch 471 100) (patch 476 84) (patch 476 82) (patch 465 74)] [(patch 465 74) (patch 292 74)] [(patch 292 74) (patch 273 67) (patch 267 54) (patch 256 8) (patch 256 3)] [(patch 256 3) (patch 83 3)] [(patch 83 3) (patch 83 22) (patch 104 31)]]]
[]
[[453.2976459927094 114.68983238888676 2 3 106 114] (train 694) [453 115 2 3 106 114] (train 436) [92 41 0 1 91 40] [93 41 0 1 92 40] [[(patch 453 115) (patch 462 100) (patch 471 100) (patch 471 93) (patch 427 81) (patch 424 74) (patch 424 73) (patch 423 72)] [(patch 423 72) (patch 77 72)] [(patch 77 72) (patch 83 50) (patch 93 41)]]]
[]
[[441.73731837862994 125.23444561188786 2 4 95 124] (train 831) [453 125 2 4 106 124] (train 694) [453 115 2 3 106 114] [444 114 2 3 97 113] [[(patch 442 125) (patch 482 140) (patch 482 142) (patch 462 145)] [(patch 462 145) (patch 289 145)] [(patch 289 145) (patch 263 142) (patch 263 133) (patch 275 109) (patch 291 106)] [(patch 291 106) (patch 464 106)] [(patch 464 106) (patch 482 109) (patch 482 111) (patch 455 113) (patch 444 114)]]]
[]
[[92.41648100306811 30.660963940291047 0 0 91 30] (train 322) [92 31 0 0 91 30] (outside 968) [500 73 2 3 153 72] [492 72 2 3 145 71] [[(patch 92 31) (patch 86 20) (patch 83 6) (patch 83 3)] [(patch 83 3) (patch 256 3)] [(patch 256 3) (patch 256 38) (patch 273 67) (patch 292 74)] [(patch 292 74) (patch 465 74)] [(patch 465 74) (patch 490 73) (patch 492 72)]]]
[]
[[88.99622373421639 40.07659042205351 0 1 88 39] (train 436) [92 41 0 1 91 40] (outside 992) [518 138 2 4 171 137] [518 139 2 4 171 138] [[(patch 89 40) (patch 82 53) (patch 77 72)] [(patch 77 72) (patch 250 72)] [(patch 250 72) (patch 251 73) (patch 252 81) (patch 277 134) (patch 313 141) (patch 323 148) (patch 323 151)] [(patch 323 151) (patch 496 151)] [(patch 496 151) (patch 496 148) (patch 518 139)]]]
[]
[[465.8705570092637 95.52887694741551 2 3 119 95] (train 549) [449 96 2 3 102 95] (train 322) [92 31 0 0 91 30] [94 32 0 0 93 31] [[(patch 466 96) (patch 466 88) (patch 476 84) (patch 476 82) (patch 465 74)] [(patch 465 74) (patch 292 74)] [(patch 292 74) (patch 273 67) (patch 267 54) (patch 256 8) (patch 256 3)] [(patch 256 3) (patch 83 3)] [(patch 83 3) (patch 83 22) (patch 94 32)]]]
[]
[[83.80547013755128 43.66223528751207 0 1 83 43] (train 436) [92 41 0 1 91 40] (outside 968) [500 73 2 3 153 72] [498 73 2 3 151 72] [[(patch 84 44) (patch 82 53) (patch 77 72)] [(patch 77 72) (patch 250 72)] [(patch 250 72) (patch 251 73) (patch 251 74) (patch 292 74)] [(patch 292 74) (patch 465 74)] [(patch 465 74) (patch 498 73)]]]
[]
[[440.7201737574462 126.32631226029854 2 4 94 125] (train 831) [453 125 2 4 106 124] (train 436) [92 41 0 1 91 40] [95 40 0 1 94 39] [[(patch 441 126) (patch 392 139) (patch 392 142) (patch 404 145)] [(patch 404 145) (patch 231 145)] [(patch 231 145) (patch 251 142) (patch 251 72) (patch 250 72)] [(patch 250 72) (patch 77 72)] [(patch 77 72) (patch 83 50) (patch 95 40)]]]
[]
[[96.48037534899069 40.94556924765383 0 1 95 40] (train 436) [92 41 0 1 91 40] (train 694) [453 115 2 3 106 114] [447 116 2 3 100 115] [[(patch 96 41) (patch 82 53) (patch 77 72)] [(patch 77 72) (patch 423 72)] [(patch 423 72) (patch 424 73) (patch 427 89) (patch 471 93) (patch 471 100) (patch 462 101) (patch 447 116)]]]
[]
[[81.17094945633316 31.57162357159583 0 0 80 31] (train 322) [92 31 0 0 91 30] (train 694) [453 115 2 3 106 114] [436 116 2 3 89 115] [[(patch 81 32) (patch 86 20) (patch 83 6) (patch 83 3)] [(patch 83 3) (patch 256 3)] [(patch 256 3) (patch 256 38) (patch 273 67) (patch 292 74)] [(patch 292 74) (patch 465 74)] [(patch 465 74) (patch 476 82) (patch 476 92) (patch 471 100) (patch 462 101) (patch 436 116)]]]
[]
[[101.44914635223536 29.17362386741414 0 0 100 28] (train 322) [92 31 0 0 91 30] (train 694) [453 115 2 3 106 114] [464 114 2 3 117 113] [[(patch 101 29) (patch 86 20) (patch 83 6) (patch 83 3)] [(patch 83 3) (patch 256 3)] [(patch 256 3) (patch 256 38) (patch 273 67) (patch 292 74)] [(patch 292 74) (patch 465 74)] [(patch 465 74) (patch 476 82) (patch 476 92) (patch 471 100) (patch 462 101) (patch 459 105) (patch 464 114)]]]
[]
[[90.37446516084816 40.1265649868053 0 1 89 39] (train 436) [92 41 0 1 91 40] (train 549) [449 96 2 3 102 95] [455 94 2 3 108 93] [[(patch 90 40) (patch 82 53) (patch 77 72)] [(patch 77 72) (patch 423 72)] [(patch 423 72) (patch 424 73) (patch 424 74) (patch 427 81) (patch 455 94)]]]
[]
[[464.9894489330137 125.88267413401383 2 4 118 125] (train 831) [453 125 2 4 106 124] (train 694) [453 115 2 3 106 114] [469 114 2 3 122 113] [[(patch 465 126) (patch 482 140) (patch 482 142) (patch 462 145)] [(patch 462 145) (patch 289 145)] [(patch 289 145) (patch 263 142) (patch 263 133) (patch 275 109) (patch 291 106)] [(patch 291 106) (patch 464 106)] [(patch 464 106) (patch 482 109) (patch 482 111) (patch 455 113) (patch 469 114)]]]
[]
[[94.60954591382043 29.85256295393537 0 0 94 29] (train 322) [92 31 0 0 91 30] (train 549) [449 96 2 3 102 95] [466 95 2 3 119 94] [[(patch 95 30) (patch 86 20) (patch 83 6) (patch 83 3)] [(patch 83 3) (patch 256 3)] [(patch 256 3) (patch 256 38) (patch 273 67) (patch 292 74)] [(patch 292 74) (patch 465 74)] [(patch 465 74) (patch 476 82) (patch 476 84) (patch 466 88) (patch 466 95)]]]
[]
[[440.68484895603825 115.77896588468995 2 3 94 115] (train 694) [453 115 2 3 106 114] (train 549) [449 96 2 3 102 95] [465 94 2 3 118 93] [[(patch 441 116) (patch 464 100) (patch 471 100) (patch 471 93) (patch 466 93) (patch 465 94)]]]
[]
[[434.9307592663828 94.03623135750455 2 3 88 93] (train 549) [449 96 2 3 102 95] (outside 968) [500 73 2 3 153 72] [490 72 2 3 143 71] [[(patch 435 94) (patch 468 93) (patch 490 73) (patch 490 72)]]]
[]
[[446.0483529174183 96.72891146780306 2 3 99 96] (train 549) [449 96 2 3 102 95] (train 436) [92 41 0 1 91 40] [93 42 0 1 92 41] [[(patch 446 97) (patch 427 81) (patch 424 74) (patch 424 73) (patch 423 72)] [(patch 423 72) (patch 77 72)] [(patch 77 72) (patch 83 50) (patch 93 42)]]]
[]
[[448.439839830982 113.24993942192177 2 3 101 112] (train 694) [453 115 2 3 106 114] (train 549) [449 96 2 3 102 95] [463 94 2 3 116 93] [[(patch 448 113) (patch 463 100) (patch 471 100) (patch 471 93) (patch 463 93) (patch 463 94)]]]
[]
[[89.6406675960703 32.511683334663104 0 0 89 32] (train 322) [92 31 0 0 91 30] (outside 992) [518 138 2 4 171 137] [518 136 2 4 171 135] [[(patch 90 33) (patch 86 20) (patch 83 6) (patch 83 3)] [(patch 83 3) (patch 256 3)] [(patch 256 3) (patch 256 84) (patch 277 134) (patch 313 141) (patch 323 148) (patch 323 151)] [(patch 323 151) (patch 496 151)] [(patch 496 151) (patch 496 148) (patch 518 136)]]]
[]
[[444.6885427152711 113.77010187729255 2 3 98 113] (train 694) [453 115 2 3 106 114] (outside 968) [500 73 2 3 153 72] [505 73 2 3 158 72] [[(patch 445 114) (patch 462 101) (patch 479 99) (patch 505 73)]]]
[]
[[449.0322472290902 93.74057760468747 2 3 102 93] (train 549) [449 96 2 3 102 95] (train 831) [453 125 2 4 106 124] [457 125 2 4 110 124] [[(patch 449 94) (patch 466 93) (patch 471 93) (patch 482 101) (patch 482 103) (patch 464 106)] [(patch 464 106) (patch 291 106)] [(patch 291 106) (patch 275 109) (patch 263 140) (patch 263 142) (patch 289 145)] [(patch 289 145) (patch 462 145)] [(patch 462 145) (patch 482 142) (patch 482 140) (patch 457 125)]]]
[]
[[446.29678680804324 115.48162820224607 2 3 99 114] (train 694) [453 115 2 3 106 114] (train 549) [449 96 2 3 102 95] [431 96 2 3 84 95] [[(patch 446 115) (patch 463 100) (patch 471 100) (patch 471 93) (patch 433 93) (patch 431 96)]]]
[]
[[460.2979408786062 124.81517493000142 2 4 113 124] (train 831) [453 125 2 4 106 124] (train 694) [453 115 2 3 106 114] [465 115 2 3 118 114] [[(patch 460 125) (patch 482 140) (patch 482 142) (patch 462 145)] [(patch 462 145) (patch 289 145)] [(patch 289 145) (patch 263 142) (patch 263 133) (patch 275 109) (patch 291 106)] [(patch 291 106) (patch 464 106)] [(patch 464 106) (patch 482 109) (patch 482 111) (patch 455 113) (patch 465 115)]]]
[]
[[78.15503267320219 41.90741904674278 0 1 77 41] (train 436) [92 41 0 1 91 40] (train 831) [453 125 2 4 106 124] [446 123 2 4 99 122] [[(patch 78 42) (patch 82 53) (patch 77 72)] [(patch 77 72) (patch 250 72)] [(patch 250 72) (patch 251 73) (patch 263 142) (patch 289 145)] [(patch 289 145) (patch 462 145)] [(patch 462 145) (patch 482 142) (patch 482 140) (patch 446 123)]]]
[]
[[444.87493525181486 115.47147154989433 2 3 98 114] (train 694) [453 115 2 3 106 114] (outside 992) [518 138 2 4 171 137] [518 132 2 4 171 131] [[(patch 445 115) (patch 475 111) (patch 482 111) (patch 482 109) (patch 464 106)] [(patch 464 106) (patch 291 106)] [(patch 291 106) (patch 275 109) (patch 275 120) (patch 276 129) (patch 277 134) (patch 311 141) (patch 318 148) (patch 318 151)] [(patch 318 151) (patch 491 151)] [(patch 491 151) (patch 491 148) (patch 518 132)]]]
[]
[[447.4599189947902 113.73226435196013 2 3 100 113] (train 694) [453 115 2 3 106 114] (outside 992) [518 138 2 4 171 137] [518 139 2 4 171 138] [[(patch 447 114) (patch 475 111) (patch 482 111) (patch 482 109) (patch 464 106)] [(patch 464 106) (patch 291 106)] [(patch 291 106) (patch 275 109) (patch 275 120) (patch 276 129) (patch 277 134) (patch 313 141) (patch 323 148) (patch 323 151)] [(patch 323 151) (patch 496 151)] [(patch 496 151) (patch 496 148) (patch 518 139)]]]
[]
[[495.74963085725824 72.60961107993639 2 3 149 72] (outside 968) [500 73 2 3 153 72] (train 436) [92 41 0 1 91 40] [99 40 0 1 98 39] [[(patch 496 73) (patch 465 74)] [(patch 465 74) (patch 292 74)] [(patch 292 74) (patch 251 74) (patch 251 73) (patch 250 72)] [(patch 250 72) (patch 77 72)] [(patch 77 72) (patch 83 50) (patch 99 40)]]]
[]
[STAIR 0 [109 11 0 0 108 10] [282 11 1 2 108 10]]
[ELEVATOR 8 [77 72 0 1 76 71] [423 72 2 3 76 71]]
[STAIR 0 [291 106 1 2 117 105] [464 106 2 3 117 105]]
[STAIR 0 [113 58 0 1 112 57] [286 58 1 2 112 57]]
[STAIR 0 [292 74 1 2 118 73] [465 74 2 3 118 73]]
[ELEVATOR 4 [77 72 0 1 76 71] [250 72 1 2 76 71]]
[ELEVATOR 4 [250 72 1 2 76 71] [423 72 2 3 76 71]]
[STAIR 0 [289 145 1 2 115 144] [462 145 2 4 115 144]]
[STAIR 0 [48 18 0 0 47 17] [221 18 1 2 47 17]]
[STAIR 0 [231 145 1 2 57 144] [404 145 2 4 57 144]]
[STAIR 0 [232 106 1 2 58 105] [405 106 2 3 58 105]]
[ELEVATOR 4 [323 151 1 2 149 150] [496 151 2 4 149 150]]
[STAIR 0 [51 64 0 1 50 63] [224 64 1 2 50 63]]
[ELEVATOR 4 [318 151 1 2 144 150] [491 151 2 4 144 150]]
[ELEVATOR 4 [83 3 0 0 82 2] [256 3 1 2 82 2]]
[(train 831) POI [453 125 2 4 106 124]]
[(train 694) POI [453 115 2 3 106 114]]
[(train 549) POI [449 96 2 3 102 95]]
[(train 436) POI [92 41 0 1 91 40]]
[(train 322) POI [92 31 0 0 91 30]]
